%eval_id interface        h2oDens           ppmB       concDens         concFe          concC         concSi         concCa          concK         concAl         concMg         concNa          concP          concS          concH         linerR          concO           maxN     maxNrelErr   statChkPassN           maxP     maxPrelErr   statChkPassP 
1            NO_ID   0.7710881195    487.7677991    2.044205589   0.4497650743  0.08920399253    7.817884064     29.9113111   0.0435155833   0.5526494736   0.2092177913   0.2049391271   0.2009626573   0.2163521742   0.5861378862   0.6158855326      59.718061     1.6759e+10         0.0242              2       29464.95         0.0517              1 
2            NO_ID   0.7702391877    465.9942721    2.500234509   0.4845944173  0.09588759077    7.467066878    33.02120968   0.0362678353   0.6404198965    0.227354599     0.22414602   0.2060617171   0.1844289448   0.6700336746   0.9201595182      56.742529   1.455935e+10         0.0238              1       29721.73         0.0586              1 
3            NO_ID   0.6999212432    564.8496685    2.513966114   0.4096793906  0.09014479656    7.368147192    30.90445883  0.04615851044   0.4646431196   0.1972458165   0.1685187646   0.1937572107   0.1940392606   0.7176615652   0.6935011842      59.245546   2.106278e+10         0.0285              1       38395.79         0.0423              1 
4            NO_ID   0.7801939516    493.0772831    2.544755254   0.5299767037   0.1002370038    8.734282194    25.93528081  0.05764790278   0.5081463733   0.2451323384   0.1826075566   0.2023143926   0.2328493025   0.6573152127   0.7003186116       62.61421    1.39425e+10          0.028              1       26692.76         0.0546              2 
5            NO_ID   0.8392458871    430.6557435    2.192423524    0.445437965   0.1158060127    9.632677723    34.17702396  0.04627772915    0.521793863   0.2130423911   0.2042234861   0.1762101797   0.2117606922   0.5698930207    1.172124779      53.685853   1.215831e+10         0.0269              1       22961.26         0.1287              1 
6            NO_ID   0.7570310536    496.1463516    2.592018526   0.5194552731  0.08317063426    8.957065345    28.69222917  0.04469937438   0.5674787733   0.2395728005   0.1710519218   0.2316037084   0.1962750071   0.5113533627   0.4286494774      59.786045   1.563759e+10         0.0318              1       26614.66         0.0621              1 
7            NO_ID   0.8104309216    455.2536204    2.127336683   0.4574770036   0.1122804684    7.249697046     27.6213502  0.04905402881   0.4861017759   0.2279049111   0.1982183758   0.1964422873   0.1856030488   0.6360071483   0.4518521729      62.579864   1.213426e+10         0.0205              1       22338.68         0.0578              2 
8            NO_ID   0.8031210117    550.1746693    2.238804831   0.4733635638    0.101096945    7.978475151    31.33557424  0.04783953277   0.5417662505   0.2119844128   0.1865509766   0.2195784889   0.2254571425   0.5675612177    1.420654754      58.110752   1.383899e+10         0.0186              1       24138.55         0.0552              1 
9            NO_ID   0.7723250169    501.4399512    2.365058404   0.4839544128  0.09106801836    7.555806241    30.73694519  0.04419356621   0.4830119738   0.2096865092   0.1655653182   0.2110478757   0.2045596776   0.6999503012   0.2777177551      59.114211   1.363325e+10         0.0272              1       51667.98         0.3747              1 
10           NO_ID   0.7613073101    449.6088504    2.116667213   0.5169336787  0.09305169591     8.46212866    29.68918006  0.04425637022   0.4580299121   0.1910281829   0.2060785863   0.1893995653   0.2058345309   0.5630707003    0.243234909      59.381008   1.648634e+10         0.0271              2       28086.36         0.0694              1 
11           NO_ID   0.7907846458    552.8676109     2.27098867   0.4822694617  0.09972048891    8.509463677    30.43258892  0.04590847488   0.4172389521   0.2658217094   0.2179631651    0.201758083   0.2455016438   0.6447924239   0.9769756926      58.436973   1.410449e+10         0.0298              1       23010.76         0.0491              1 
12           NO_ID   0.7742924055    509.8978671    2.071613718   0.5126389373   0.1100253593    6.838577541    25.60968046  0.04661618093   0.5013114067   0.2098150339    0.219692119   0.1942811027   0.2360813222   0.6051497715   0.4257180243      64.916131     1.5408e+10         0.0329              1       28904.74         0.1226              1 
13           NO_ID   0.8087753462    509.1753308    2.260076903   0.5537838011  0.08887646085    7.442348236    31.98754603  0.04062351426   0.5378702858   0.2266211359   0.1985804273   0.1971408901   0.2260164495   0.5644668255   0.5731291093      57.936126   1.333727e+10         0.0345              2       24747.52         0.0634              1 
14           NO_ID   0.7457514417    431.3387543    2.133396943   0.4323709126   0.1007079322    9.077773318    30.06824781  0.04537984083   0.5599518451   0.2021641934    0.196942876    0.206863167   0.2056514212    0.599118042  0.07671849443      58.304829   1.816483e+10         0.0259              1       34702.65         0.0822              1 
15           NO_ID   0.7790643882    513.6411026    2.569565207   0.4930829307  0.09253974352    8.530275689    28.20844697  0.04271948181   0.6223622381   0.2239669063   0.1997802068   0.1659962148   0.1634792787   0.6423869879  0.09680544379      60.614963   1.320858e+10         0.0323              1       25784.02         0.0496              1 
16           NO_ID   0.7423740717    558.0085111    2.120706827   0.5220201245   0.1099434692    8.022606446    29.86715154  0.04912938915   0.5461627877   0.1944053846   0.2027051019   0.1755790965   0.2335316199   0.6087901342    1.423712098      59.467975   1.908134e+10          0.023              1       32392.21         0.0515              1 
17           NO_ID   0.8226325231    576.5247296    2.378152519   0.4585464394  0.09567755853    8.784037516    27.93682095  0.04597083194   0.4813032523    0.212710893   0.2119408518   0.1740603565   0.2129619802    0.674954373    0.386501461      60.711015   1.098239e+10         0.0272              1       21343.98         0.0622              1 
18           NO_ID    0.755093438    489.1843295    2.190320919    0.549537206  0.08873114843    7.174884839    24.38070379  0.04773391297   0.4943606606   0.1694681284   0.2114653909    0.174614805   0.1726527443   0.6667459787    1.448969009      65.869101   1.849236e+10           0.02              1       28339.64         0.0513              1 
19           NO_ID   0.7414747651     390.197318    2.064134941   0.4439568808  0.09537997632     7.40369422    25.82032417  0.04353378106   0.5521275817   0.2387437419     0.19241371    0.198207793   0.1949780314   0.5997391663   0.4136746092      64.216901   1.827216e+10          0.025              1       33880.62         0.0633              1 
20           NO_ID   0.7759981056     419.674007    2.214826236   0.4067543743   0.1022773156    7.573421818     32.7945063  0.04390623443   0.4816127602   0.2181892654   0.2142644932    0.200270423    0.196044664   0.5389800034   0.9520938745      57.229772   1.547864e+10         0.0365              1       24713.05         0.0292              1 
21           NO_ID   0.7811511139    498.5809181     2.34521055   0.4276237437   0.0824347804    7.916183257    27.54319765  0.03905370691     0.54795825   0.2024559601   0.1897656051    0.210157452   0.2365152235   0.4862517113   0.7408468372      62.118403    1.49302e+10         0.0293              1       25121.24          0.073              2 
22           NO_ID   0.7925527122    512.7161993    2.290381286   0.4054978411   0.1018866887     9.12039302    28.72105877  0.05211166678    0.514339894   0.2011811423   0.2154372668   0.1901772189   0.1765170185   0.5884978381    0.141419886      59.712902   1.295884e+10         0.0235              1       26668.48         0.0808              1 
23           NO_ID   0.8108479599    502.1413405    2.198563342   0.4978440432   0.1081506404    9.199591354    30.18944828  0.04155200255   0.5629775406   0.2480846544   0.1810433371   0.2083180489   0.2176951332   0.5311767902    0.433975993      58.014118   1.275898e+10         0.0205              1       22787.17         0.0885              1 
24           NO_ID   0.7429724194    578.6380844    2.178736875   0.4422416517  0.08644746804    8.152458626    27.04006937  0.04974946441   0.4311634471   0.2518204869   0.2252210404   0.1777822292   0.2216619382   0.5655319883   0.8516068199      62.355852   1.971585e+10         0.0311              1       33861.41         0.0597              1 
25           NO_ID   0.8307516085    606.0595887    2.389533031   0.5436669011   0.1144563966    8.370197194    32.66017884  0.04290408696   0.4616692813   0.2122057076   0.2381467752   0.2136826837   0.1661439843   0.4939376826     1.05043942       56.48281   1.174153e+10         0.0299              1       20140.15         0.0668              1 
26           NO_ID    0.728220037    565.0494121    2.483380274   0.5099042212   0.1009362797    9.530145299     30.4931134  0.05103702755   0.4732364115   0.2128996309   0.1674262077   0.2037235452   0.2079763389   0.7230696207    1.151807481      57.326532   2.092116e+10         0.0435              1       38420.08           0.08              1 
27           NO_ID   0.7938737125    529.9891225    2.123339757     0.55146282   0.1007932746     7.59254885     27.8241749  0.04653398454   0.4425008327   0.1798421766   0.2342047698   0.1923718584   0.2111000821   0.6400830141   0.5001573496      61.984383    1.33382e+10          0.029              1       26923.42         0.0649              2 
28           NO_ID    0.749329481    447.3377228        2.11435   0.5038250245   0.1009739153    8.872616326    30.49980186  0.04758755233   0.5281276905   0.2817159607   0.1971227184   0.1926870486   0.1777783266   0.5404193939   0.6985771015      58.057344   1.836355e+10           0.03              2       32296.97         0.0719              1 
29           NO_ID   0.7180852024    486.3966376     2.13037918   0.5138928598   0.1134281136    9.227664535     30.6408694  0.04899698982   0.5856050868   0.2364102286   0.1954560618   0.1903156353   0.2093166712   0.6431546681   0.7084653261       57.39489   2.008876e+10         0.0274              1       37260.62         0.0671              1 
30           NO_ID   0.7564289499    497.6044593    2.432033224   0.5576446823  0.09410162697    9.670557546    22.80374789  0.03981427099    0.570188885   0.1871625274   0.1865784043    0.172298635   0.2197476485   0.6294193575   0.7513993209      64.868739   1.592856e+10         0.0261              1       29738.78          0.052              1 
31           NO_ID   0.8544736088    551.0040515    2.382411403   0.5760310088   0.1172747705    9.368965677    28.57227801  0.05338346552   0.5706927796   0.1926682944   0.2261094969   0.1920286513   0.2046980149   0.6372853962   0.2606933889      59.288584     8883764000         0.0272              1       19417.97         0.0814              1 
32           NO_ID   0.7696040182    531.5640731    2.246082437   0.5044854239  0.07291778407    6.902547479    27.27446989  0.04333891107   0.4967826629   0.2408640296   0.2012360363    0.148265236   0.1957530756   0.5910109863    1.181723523      63.328328   1.718416e+10         0.0287              1       30228.34         0.0522              1 
33           NO_ID   0.7744935778    554.2411402    2.282447519      0.5257878   0.1051120513    7.842465648    32.11146943  0.04908022524   0.4878703042   0.2136143577   0.2112281379   0.1978824911    0.164623851   0.6509983693   0.1282998211      57.439867   1.407285e+10          0.026              1       28247.45         0.0837              1 
34           NO_ID   0.7748676746    470.8050075    2.295328669    0.517987615  0.07850438317    8.174363562    27.77647257   0.0537331822   0.5375824068   0.2057168573   0.1993711087   0.2120485397   0.1944882336   0.5842819685    1.232536408       61.46545   1.571792e+10         0.0224              1       26443.17         0.0585              2 
35           NO_ID   0.7400252675     530.458369    2.512732517   0.4667277832   0.0946540109    9.787243443    27.48867761   0.0422096206   0.5136956318   0.2222208905   0.2065314357   0.1629784818   0.1912655549   0.5764958004   0.5420643332        60.2473   1.738253e+10           0.02              1       31590.96          0.059              2 
36           NO_ID   0.7737454632    492.0146198    2.167581206   0.5775918199  0.08414636939    8.706872968    27.84413509   0.0456878849   0.5050037763   0.2592063847   0.1928073398   0.2096394167   0.1953205107    0.583774693   0.5319250256      60.795814   1.585791e+10         0.0199              1       24917.24         0.0452              1 
37           NO_ID   0.7912930878    474.7789812    1.943927071   0.4751793025   0.1033039804    8.157796497    33.30702458  0.05454222552   0.5773963722   0.2313811472   0.2145913467    0.212244744   0.1897834052    0.587558268   0.8005868272      55.889198   1.509944e+10         0.0213              1        25909.9         0.0787              2 
38           NO_ID   0.7945080636    566.9559887    2.424726882   0.5106517454   0.1027829645    8.058845743    32.96616923  0.04295344069   0.5411084042   0.1919583546   0.1704460808   0.1987989083    0.178389944   0.6680407024    1.144277379      56.369854   1.377857e+10         0.0324              1       25721.19         0.0528              1 
39           NO_ID   0.7405582079    477.3446312    2.293249717   0.5188882773  0.08693686329    7.196448484    24.77164016  0.04004017689   0.5901831122   0.1968733556   0.1771304141   0.2176383051   0.1914641385   0.6692059807    1.341474626      65.343551   1.939055e+10         0.0229              2       38080.85          0.099              1 
40           NO_ID   0.7297311503    616.1109489     2.37571237   0.4861277115   0.0914241511    10.47550155    26.96919773  0.03832163016   0.5547280905    0.187984201   0.2326834555   0.2156530981   0.2296128348   0.6884774677   0.3805122611      59.830288   1.782074e+10         0.0365              1       34087.42         0.0537              1 
41           NO_ID    0.785915969    563.6000449    2.196106514   0.4679352154  0.09722456516    10.79981112    27.90302064  0.05858915035    0.596679482   0.2379461879   0.2157704511   0.2205625809   0.2149912224   0.6259177736   0.9741010141      58.561552   1.424301e+10         0.0255              1       26785.45         0.0713              2 
42           NO_ID   0.7695954803    506.5350469    1.951769888   0.4775047374   0.1031067419    7.688527491    28.06464942  0.04279511908   0.5982965507   0.2341471086   0.1698181408   0.1949926933    0.186774234   0.5829247796    1.120011467      61.656463   1.766276e+10         0.0258              1       28956.73         0.0613              1 
43           NO_ID   0.7920009149    395.3809778    2.492236032   0.4720107905   0.1043811191    8.994447151     33.1820552  0.04584462452   0.4235737998   0.2104807058   0.2017624671   0.2183300019   0.1550926975   0.6224718411   0.9039014365       55.36955   1.377897e+10         0.0317              1       22677.92         0.0375              1 
44           NO_ID   0.7826575218     534.407671    2.240978342   0.5051064198  0.08969549269    9.253554487    33.27468685  0.05616702608   0.5498511493   0.1803908896   0.2073933638   0.2077452178   0.2090546603   0.5062064945   0.3547690714      54.960148   1.581156e+10         0.0209              1       23559.32         0.0629              1 
45           NO_ID   0.7781062214    444.5135354     2.21712744   0.5339683714  0.09130314771    8.414005578    29.75709904  0.04671919807   0.6048688186   0.1940676961   0.2173156774   0.1774047145   0.2063199364   0.5797201568   0.4904122571      59.177208   1.500812e+10         0.0159              1       29171.47          0.062              1 
46           NO_ID   0.6889238974    412.1921694    2.575954165   0.4865538281    0.102730187    10.01621901    33.87558152  0.04753088102   0.5715652008   0.2224432105   0.2080024769   0.2359079715   0.2241531625   0.6367681053   0.2253328523      53.372544   2.177235e+10          0.026              2       45349.99         0.1069              1 
47           NO_ID   0.7605117165    448.4112047     2.23434167   0.5362698794   0.1003674585    8.938368803    30.26216825  0.04855952264   0.6059161555   0.2083947981   0.2187690266   0.1681577747   0.1968854134    0.616442856    1.017478869        58.0997   1.733408e+10         0.0252              1       31098.32         0.0718              1 
48           NO_ID   0.7680174348    583.5646067    2.075642785   0.4601064835   0.1052413942    8.392840856    29.37101305  0.04106195481   0.5563791008    0.240048397    0.181326796   0.1905471538   0.1681902069   0.5721097829   0.4695882316      59.721135   1.596234e+10          0.028              1       27237.78         0.0689              1 
49           NO_ID   0.7097254763    456.8243256    2.060122771   0.4763091398  0.08958390299    7.347149468    29.22584815  0.05026739844     0.45954527   0.2105924728    0.235043867   0.2124528835   0.2054749615   0.7620395332   0.5652512537      60.725693   1.960243e+10         0.0245              2       43853.48         0.0504              1 
50           NO_ID    0.696230458    488.2237115    2.585908606   0.4482772647   0.1120461169    8.973101443    29.46315111  0.04624382026   0.4233635967   0.1905374307   0.1760184856   0.1917305282   0.1964498396   0.6839112098   0.5270493099      59.095169   2.181238e+10         0.0299              2       41735.59         0.0415              1 
51           NO_ID   0.8000757107    456.5217785    2.498889817   0.3971759966  0.09360239299    9.731097254    26.74709085  0.05584733538   0.5424844183   0.2038879174   0.2201326913   0.2256880595   0.2257650215   0.5433092226   0.9273729066      61.013919   1.373939e+10         0.0304              1       27562.99         0.0715              1 
52           NO_ID    0.780288816     515.778854    2.324311184   0.5295930453  0.09991768906    8.455640144    28.44208615  0.03802664474   0.4949943822   0.2257338065   0.1878985659   0.1967575722   0.1874394792   0.6329929851   0.7287717689       60.50892   1.480236e+10         0.0305              1       29778.35          0.037              1 
53           NO_ID    0.780755082    454.2091239    2.519074761   0.5206880494  0.08442490504    8.599149319    31.56064134  0.04382735244   0.5656040141   0.2046985097   0.2159533694    0.177085266   0.1988738851   0.5517308458   0.4447594973      57.277323   1.479953e+10         0.0289              2       27553.85         0.0782              1 
54           NO_ID   0.7902782417    511.1429778    2.359043514   0.5272123145   0.1038734061    8.031298823    29.52578607  0.04178013783    0.511399429    0.202544342    0.209166218    0.163679253   0.2188760619     0.59319389   0.4821754287       59.87119   1.374465e+10         0.0221              1       27680.04         0.0652              1 
55           NO_ID   0.7728428317    521.1169617    2.249645766    0.464276303   0.1029461721    8.906665662    31.19034454  0.05149152848   0.5174180993   0.2512753641   0.1564426017   0.2098058868   0.1910869869   0.6605904098   0.5526713013      57.297656    1.49664e+10         0.0167              1       28906.14         0.0807              2 
56           NO_ID   0.7052253984    538.5179846    2.357250054   0.4024046884     0.10053555    8.039867124    33.40633963   0.0394734695    0.501673587   0.2199748201   0.2534183839   0.1955253436   0.1782092866   0.5077763378   0.6340418237      56.154802   2.308902e+10          0.024              1       40008.21         0.0637              1 
57           NO_ID   0.7515712044    575.2062234    2.206322515   0.4367399492    0.104000474     8.65255489    25.42372084  0.04729106027   0.5401595827     0.26111079   0.1956480003   0.1819347727   0.2141882267   0.6190860236   0.7632053392      63.323565   1.766268e+10         0.0275              1       31483.96         0.0716              1 
58           NO_ID   0.7610518076    454.2915787    2.124550795   0.4949720509   0.1042734413    7.961425785    30.56665924  0.04051498441   0.4784575454   0.2212203165   0.2122315712   0.1656021492   0.2075374583   0.7350098077    1.266499974      58.812096   1.652627e+10         0.0226              1       29603.32          0.082              1 
59           NO_ID   0.7023446143    542.8829431    2.502782921   0.5031226262  0.09243286211    6.079477178    33.64523226  0.04645123775   0.5693816281   0.2626777923   0.2233433899   0.2152612367   0.1579568413   0.4645872464   0.7651995168      57.740076   2.505136e+10         0.0299              1       37306.25         0.0411              1 
60           NO_ID   0.8115645189    411.2048923    2.410552968   0.5286184578  0.09428897628    8.351016445    30.31761718  0.04367089331   0.4962734986    0.226420636   0.2052691174   0.1841851451   0.2028941785   0.5608543558   0.2496442772      58.788891   1.265087e+10         0.0287              1       22938.71         0.0529              1 
61           NO_ID   0.7466338732    529.4134846    2.069511412   0.4785212299  0.09526639948    7.858832154    30.22012667  0.04188088134   0.5992166458   0.2062776088    0.224894397   0.2289427737   0.2379678645   0.5667619006    1.033163484      59.241311   2.040144e+10         0.0252              1       33831.05         0.0647              1 
62           NO_ID   0.8144041055     537.843214     2.37377133   0.5415984641  0.09861297431    7.878396618    28.41152108  0.05696415369   0.5277336077   0.2361098104   0.2057317417   0.2216660941   0.1588932436   0.7059372011   0.3029682216      60.956835   1.152517e+10         0.0231              1       24867.75         0.0559              1 
63           NO_ID   0.7736049665    469.5599943    2.160566709   0.4199868716   0.1017400962    9.092223763    23.13986587  0.05349108907   0.4915222376   0.1816249548   0.1978312619   0.2163147923   0.1883362166   0.5728619679   0.8696951436      65.344201   1.558284e+10         0.0308              1       30513.79         0.0565              1 
64           NO_ID    0.750301941    547.9045321    2.041326501   0.5075051344  0.08380940992     9.01495852    36.44859977  0.04669938766   0.5394507319   0.2065335071   0.1877452226   0.1825314536   0.2390631749   0.5420982485    0.185529442      52.001005   1.913611e+10          0.026              1       29819.12         0.0944              1 
65           NO_ID   0.7520763914    589.9591275    2.386736807   0.4564983149   0.0950801192    9.136421297    32.19152028  0.05303286873    0.520878315   0.1614243223   0.1983394849   0.2368958506   0.1754758338   0.5852716057   0.7326153856      56.189162   1.777024e+10         0.0354              1       26934.03         0.0588              1 
66           NO_ID   0.8012256729     505.564828    2.373142272   0.4332483664  0.09675065599    8.055446679    28.63202511  0.05120567012   0.5740601063   0.2147127872   0.1874622815   0.2327464511   0.1934069743   0.6316521285   0.8993641081      60.697283   1.341056e+10         0.0336              1       25764.48         0.0679              1 
67           NO_ID   0.8149343766    539.9879404    2.207829357    0.573626301   0.1064673473    8.887750342    32.38257512  0.04966663178   0.5794825235   0.2296264598   0.2229318316   0.1938958966    0.168079226   0.5228446239   0.7933363548      56.083054   1.297348e+10         0.0213              1       21465.26         0.0617              1 
68           NO_ID   0.7977215803    539.1571521    2.004533544   0.4855101274  0.09837969982    7.476961806    25.17348386  0.05097650042   0.5806306212   0.1934576313   0.2245188931    0.234569366   0.2183575897   0.6290890868  0.01166587692      64.634065    1.33753e+10         0.0326              1       25454.49         0.0806              1 
69           NO_ID   0.7392183224    443.5843701    2.315151868   0.4592871654   0.1078500296    7.937830988    25.46558845  0.04776723142   0.5620111777   0.2165719159   0.1545639068   0.2041769228   0.2232831284   0.5688382935   0.9878855673      64.052231   1.983348e+10         0.0304              1       33476.95         0.0807              1 
70           NO_ID   0.8077701578    514.8093808    2.263991163   0.4166633497  0.09518454046    8.305801306     32.2497018  0.04936783751   0.4892686956   0.2335563472   0.2061398078   0.1999486674   0.2151425627   0.6492048308    0.931459177       56.89002   1.314409e+10         0.0322              1       25327.34         0.0393              1 
71           NO_ID   0.7452162671    483.0824248    2.440741109   0.6069509625   0.1182781611    8.423446355    28.53339361  0.04434582403   0.4600321605   0.2231374534    0.185508957   0.1911009235   0.1974041159   0.6466451234   0.4121991281      60.369756   1.703294e+10         0.0262              2          32159          0.064              1 
72           NO_ID   0.7773636645    512.2087975    2.445367474   0.5911789084  0.08763564134    7.766566782    32.17816382  0.05252382948   0.5811742425   0.2304584405   0.2438068074   0.1844812792   0.1880587211   0.7163108701   0.6850527107      57.179641   1.383271e+10         0.0208              1       28821.21         0.0696              1 
73           NO_ID   0.7887775806    438.4320379    2.387062132   0.5558375508   0.1014875836    8.896911617    29.27699038  0.04165686587   0.5862741851   0.2299390921   0.2151904167   0.2182091083   0.2345875759   0.5603135428   0.3085842498      59.082602   1.319564e+10         0.0287              1       24441.63         0.0918              1 
74           NO_ID   0.7124501521     536.128626     2.05579735   0.5787831913  0.09709257948    8.542358431    29.83311582  0.04551978438   0.5094412493   0.2028669563   0.1831101158   0.1691205878   0.1849993823   0.5777693287   0.3995408054      59.075823   2.222146e+10         0.0195              1       37881.78         0.0856              1 
75           NO_ID   0.7543063124    485.8684931    2.563506381   0.5069115257  0.09274551056    8.436892894    32.55585394  0.03998194955   0.6597050849   0.2080610171   0.2453697868   0.2114357864   0.2112479068   0.6079838362   0.5757648978      56.223811   1.664331e+10         0.0241              1        28153.4          0.047              1 
76           NO_ID    0.710364311     459.205188    2.089002315   0.5221972697  0.08075143641    9.812117493    32.91554286  0.04508985532   0.5529268472   0.2058897287   0.1930343106    0.160914463   0.2159148467   0.5367423042   0.7553599815      54.758879   2.383962e+10         0.0339              1       38364.02          0.074              1 
77           NO_ID   0.7253221547    415.6264064    2.208885764   0.5323665071   0.0855641971    9.461242699    28.84042493  0.04866289167   0.5536914594   0.2144860898   0.1991439681    0.213806313   0.1888911768   0.4380885172   0.4763223192      59.223631   2.243743e+10         0.0203              1       34791.86          0.053              1 
78           NO_ID   0.7371670168    527.8669014     2.30109876   0.4557486996  0.09691308733    9.058574961    33.09391331  0.04704301858   0.5828745269   0.1958195307    0.208810244   0.1987195754   0.1881507217   0.5947911597    0.397298281      55.278641   1.896293e+10         0.0277              1        37394.7          0.087              1 
79           NO_ID   0.7673471326    458.7026815    2.400222355   0.4712803345   0.1232318723    7.699717979    34.51261496  0.04619078804   0.5644608693   0.1837139222   0.1788244028   0.1677800745   0.1970951627   0.5293882529   0.6747046614      55.325701   1.646799e+10         0.0235              1       27542.14         0.0584              1 
80           NO_ID   0.7578966114    474.1292796    2.183385189   0.4515926291   0.1075427317    8.322969662     32.3041802  0.05126087654   0.4956584711   0.2281273334   0.2399893702   0.2112544263   0.2098326056   0.6057926773   0.9901516579      56.771799   1.678596e+10         0.0301              1       32227.78         0.0724              1 
81           NO_ID   0.7819129873    436.5266191    2.281635688   0.4831338393  0.09886014518    8.521925703    25.10392817  0.04481547358   0.6094834737   0.2480149531   0.1945178297   0.1997519389   0.2104374044   0.6662298761   0.6454004214      63.618901   1.373995e+10         0.0316              1       28762.34         0.0577              2 
82           NO_ID   0.8488064736     490.605075    2.419943741   0.4626541436  0.09962157326    8.005942937    31.06080095  0.05110701284   0.4649170354   0.2196610167   0.2094183521    0.189975163   0.1987322753   0.5357547302    1.194631659      58.501415   1.109232e+10         0.0231              1       17771.62         0.0516              1 
83           NO_ID   0.7295253193    521.5596498    2.080262177   0.4346987645  0.08729968137    7.748412085    31.28351853  0.04365251593   0.5116505677   0.1887588219    0.208444601   0.2140403698   0.1771686173   0.5748989129   0.3263996221      58.527457   1.973304e+10         0.0291              1        34345.9         0.0688              1 
84           NO_ID   0.8277283462    508.7372465    2.478814114   0.4473799511   0.1131847529    9.402121809    29.28188126  0.04557673155   0.5566293321   0.2327622985   0.1791021299   0.1889047206   0.1958921427   0.6271192495    1.281543163      58.729446   1.222691e+10         0.0298              1        21347.8         0.0538              1 
85           NO_ID   0.7209195334    446.4047415    2.558544904   0.4502530612  0.09580190356     8.72633941    34.76839817  0.05133990271   0.4099519267   0.2190086705   0.2031150911   0.1853422745   0.1985353845   0.5822568353   0.8894530089      54.109657   2.087854e+10         0.0227              1       36303.42         0.0578              2 
86           NO_ID   0.7286887759    507.3561881    2.278794073   0.5305719216   0.1032038805    8.932614967    34.38584355  0.05049815753   0.5390840956   0.2351736044   0.1820412647   0.2305479358    0.227235397   0.5577199937   0.5602877904      54.025465   1.960396e+10         0.0299              2        32622.9         0.0818              1 
87           NO_ID   0.8570979427    453.1134456    1.979041403   0.4688590576  0.09870476041    8.981927708    29.79505893  0.04300825265    0.566309595   0.2074411092   0.2007218421   0.1932493502     0.20027364   0.6812004369   0.0910252482      58.563245     9062269000         0.0228              1       22013.93         0.1217              1 
88           NO_ID   0.7644538686    441.8168501    2.268923645   0.5394644673   0.1106922463    9.102299413    26.26644668  0.05200645134   0.4501498374   0.1721894672   0.2096666975   0.2168222698   0.1712440865   0.5537915901    1.075546821      62.155227    1.78051e+10         0.0248              1       28745.06         0.0611              1 
89           NO_ID   0.7662515457    367.2460896    2.563969881   0.4706364365  0.09795075606    7.999918282    31.75338625  0.04373775218   0.4683924621   0.2201427183   0.1798939763   0.2056917055   0.1948392678   0.5707102496   0.8725863882        57.7947   1.615049e+10         0.0249              1       29437.82         0.0569              1 
90           NO_ID   0.7833409105    441.5240085     2.49345937   0.5031565853  0.09416709711    7.901032447    31.64344309  0.04124135525   0.5553776225   0.2322026677   0.2066663643   0.2057355638   0.1919149344   0.6631025467   0.5914421676       57.76196   1.424441e+10         0.0187              1       26161.75         0.0487              1 
91           NO_ID   0.7995267653    479.9003513    2.286921683   0.5452353356   0.1070340079    7.096588917    33.98251325   0.0505746655    0.522980001   0.2004285246   0.2047083031   0.1861911462   0.2029343435   0.6000970204   0.3441395473      56.300714   1.300938e+10           0.02              1       25298.83         0.0733              1 
92           NO_ID   0.8052605851    536.9163975     2.22704686   0.5829399651  0.09071293623    7.677273883    25.23943377  0.05158272179   0.5077234542   0.2112299057   0.2004142748   0.2165578016   0.2025971835   0.6380351965   0.8308125802      64.381499   1.345969e+10         0.0281              1       27306.08          0.068              2 
93           NO_ID   0.7899970773    473.5400865    2.362456258   0.4946124433    0.105470602    9.519663517    31.42755946   0.0554626997   0.5452472744   0.2565568168   0.1963106208   0.1835964457   0.2034686485   0.5467481981   0.8351343593      56.465303   1.503931e+10         0.0229              1       30119.79         0.0849              2 
94           NO_ID   0.7562956094    503.7519025    2.271779553   0.4964642375     0.10356738    8.578041847    28.99712541  0.04737528217   0.6362695533   0.1901781971   0.1871334428   0.1883558885   0.1897325053   0.5955895162     1.03901068      59.790167   1.779658e+10         0.0209              1       30439.53         0.0774              2 
95           NO_ID    0.715558539    495.4845489    2.289208368   0.4646665986     0.10675264     8.58095662    30.37504392  0.04562192143   0.5954001893   0.2036812859   0.1766187013   0.1991663569   0.1894569132   0.6930502221    0.666412457      58.369585   1.988689e+10         0.0323              1       40572.33         0.0581              1 
96           NO_ID   0.7173267935    522.9238049    2.329331625   0.5568455961   0.0984358005    8.837977512    26.13512068  0.04520243954   0.4896101499   0.2393006969   0.2474559298   0.1665213972   0.1841401566   0.6248839236   0.3652441811      62.374506   2.010875e+10         0.0255              1       41037.05         0.0424              1 
97           NO_ID   0.7631886323    472.7620716    2.285711571   0.5277645783   0.1021047259    7.791501225    30.03161529  0.04321976069   0.5542941602   0.1761131909   0.2032100677   0.2006732154   0.2129277964   0.5428075974   0.7709400993      59.613768   1.714429e+10         0.0271              1       29317.97         0.0641              1 
98           NO_ID   0.7346275205    571.8876782    2.361601707   0.5802020305  0.07788490952    8.701265885    27.11570883  0.04993524796   0.5068141304   0.1871944438   0.2129934419   0.2012449002   0.2060202324   0.6525359557   0.9439783176        61.5082   1.863277e+10         0.0271              2       32904.95         0.0498              1 
99           NO_ID   0.8374740028    558.6838791    2.404411117   0.5615248875    0.104769906    6.495827824    32.05214946  0.04318869772   0.4557955967   0.2087241078   0.1913640764   0.2108513554   0.1826820272     0.54979008  0.03435524384      58.943332     1.0783e+10         0.0223              1       20539.71         0.0749              1 
100          NO_ID   0.8210018154    547.3412294    2.151728191   0.3842061036   0.1106736191    7.525455963    28.17139144  0.04330594014    0.591072361   0.2426073378   0.2005531571   0.1920999946   0.2289105942    0.592414391   0.6893313133      61.717309     1.1919e+10         0.0245              1       24794.28         0.0763              1 
101          NO_ID   0.7138298113    493.7744475    1.966958731   0.4817845062   0.1011864602    8.616999369    29.61723691  0.04261046627   0.5347154052   0.2217897844   0.2184425711   0.2063323701   0.2019098977   0.5476257045   0.9085905219      59.209367   2.324894e+10         0.0296              1       45875.93         0.1359              1 
102          NO_ID   0.7969033246    507.9204285    2.051967994   0.4656799837  0.09598980882    7.137731269    28.66295516  0.04878281816   0.5303035174   0.2310403077   0.2311131189   0.2025793304   0.2536457824   0.5314235429   0.8217277827      61.608755   1.448587e+10         0.0259              1       25407.62         0.0578              1 
103          NO_ID   0.8164019246    460.3209241    2.202153961   0.6334680008  0.09667916063    8.472636834    31.38670709  0.04720723568   0.4371397111   0.2329862713   0.1906993934   0.2227724998   0.2283548244   0.6190213941    1.510323445      57.432328   1.402485e+10         0.0384              1       23343.68         0.0767              1 
104          NO_ID   0.7640966126    471.0207759    2.367288159    0.506653718   0.1093009022    8.763591913    31.09487915  0.04490661083   0.5201480314   0.2421902133   0.1901827666   0.2233050843   0.1997869011   0.6098417494   0.5366364239      57.495213   1.558787e+10         0.0232              1       28551.38         0.0737              2 
105          NO_ID   0.7622923175    387.6339031    2.312494749   0.5285395998  0.09774556165    8.862276679    26.68089326  0.04851295172   0.5106582439   0.2252821467   0.2055682593   0.2088869993   0.2109027581   0.5547550499    1.007319811      61.865978   1.749415e+10         0.0277              1       30224.86          0.054              2 
106          NO_ID   0.7584241149    479.0797768    2.112366035    0.552832232  0.08590047934    8.086830206    29.31468112  0.04924208275   0.6154879134   0.2535684654   0.2019048457   0.1719264577    0.166786544   0.5925728877   0.1390595902      59.908267    1.71744e+10          0.022              1       29894.64         0.0643              1 
107          NO_ID   0.7222561248    560.7496212    1.974058131   0.5676912278  0.08802519659     8.29487252    28.48616944  0.04715895071   0.5575811151     0.21917737   0.1907635722   0.2220236732   0.1816271094   0.4546017671   0.3890480773      60.690308   2.299116e+10         0.0251              1       34764.98         0.0951              1 
108          NO_ID   0.7638364626     467.949837    2.173558907   0.5183940808  0.08480084881    8.409338671    31.23773057  0.04921516816    0.616865324   0.2293960965   0.2078117671   0.2035447998   0.1523162949   0.6124332949   0.4473194689      57.678153    1.59171e+10         0.0294              1       50761.82         0.3307              2 
109          NO_ID   0.7478306213       540.9357    2.415827391   0.5004992547  0.09633427699    7.502941028     30.3384681  0.05895410183   0.5480754138   0.1962735379    0.201425562   0.2249973688   0.1937129525    0.657960116    1.187759105      59.480358    1.79927e+10         0.0327              2       31625.66         0.0511              2 
110          NO_ID   0.7992375538    556.5709285    2.012033615   0.5242790324  0.09200590947    7.824926082    28.37067591  0.04267431544   0.4399497494   0.2465894316   0.1604655218   0.2254113224   0.1840359824    0.512870945   0.5054558434      61.376116   1.443747e+10         0.0244              1        27719.9         0.1065              1 
111          NO_ID   0.8010275824    468.8093469    2.103525482   0.6031451147  0.09762590105    8.607598401    29.18243528  0.04405586161   0.5158064459   0.2071966637   0.2076536225   0.2147332154    0.192413014   0.5872653914   0.1141649816      59.540071   1.323548e+10         0.0403              2       26038.56         0.0635              1 
112          NO_ID    0.798440383    401.0237058    2.337619934   0.4657842019  0.09092536448    8.830584684    30.09761301  0.04942430886   0.5320241572   0.2046189322   0.2226081223   0.1856106944   0.1941277785   0.6391265854    1.138840758      58.487552   1.461308e+10         0.0296              1       28642.09         0.0625              1 
113          NO_ID   0.8128497678    480.2931882    1.945820892   0.4759217087   0.1017846612    9.455651375    27.34207442  0.03955206331   0.5343912921   0.2408282681   0.1949932742   0.2466043958   0.1830653866   0.6273500981    1.021894507      60.557783   1.486909e+10         0.0406              1       23647.57         0.0458              2 
114          NO_ID   0.8341083589    519.6699399    2.531628434   0.5353453014   0.1168201837     6.90899178    24.88530607  0.05555256394   0.5211773826   0.1977681691   0.1973624674   0.2052007013   0.2275575874   0.5510778411   0.7830526021       65.59784   1.142186e+10         0.0438              1       23166.72         0.1017              1 
115          NO_ID     0.75966146    510.2088331    2.473089093   0.4671481799  0.09825633194    8.750637419    29.45530314  0.05185405608   0.5355582898   0.2348251074   0.2169276527   0.1781695769    0.216944139   0.6414078776   0.7196569936      59.152968   1.537786e+10         0.0324              1       30425.68         0.1312              1 
116          NO_ID   0.7797609224    536.9952214    2.020390299   0.4984301036   0.1088962406    10.05257723    30.96646152  0.03689102969   0.4694391364   0.1933639027   0.1846409611   0.2496570427   0.2203592759   0.6496538728   0.8477488727       56.36963   1.628074e+10         0.0501              1       25606.62         0.0535              1 
117          NO_ID   0.7592392285    528.1324574    2.275964082   0.3752443626   0.1096994983    8.336563669    31.00375555  0.04450501506   0.4477599553   0.2345364069   0.1888489585   0.1840678216   0.1930318404   0.5913019262   0.4665618858      58.290685    1.73704e+10         0.0263              1       30344.19         0.0543              1 
118          NO_ID   0.7525511313    596.7452474    2.258097134   0.4607551515    0.102035853    10.15747355    26.37598204  0.03417665741   0.5307358799   0.1915660057   0.1857746557   0.1515327381   0.1753627316    0.480399515   0.3107872251      61.154205   1.765391e+10         0.0291              1       26256.34         0.0626              2 
119          NO_ID   0.7685987132    571.4899534     2.23381041   0.4849324216  0.09050962793     9.74486478    33.57764002  0.05496697132   0.5290784268   0.2260918625   0.1622624105   0.2390216916   0.2017956299   0.6478901351   0.9585945889      54.040946   1.573529e+10         0.0245              2       29605.55         0.0609              1 
120          NO_ID   0.7599916077    475.7969629    2.091798716   0.5319787781   0.1129793185    9.902650965    30.66355463  0.05089404139   0.6433248184    0.178725942   0.2138932697   0.1957018658    0.208809272   0.5528952379    1.099820052      56.744592   1.832765e+10         0.0267              1       29908.99         0.0585              1 
121          NO_ID    0.785367259    463.8942175    2.262200495   0.4911199638  0.08937307856    8.066819805    32.39657219  0.04438564665   0.5435156255   0.2427594989   0.1995635478   0.1913676749   0.2475986349    0.516396591    1.210279509      56.970528   1.537881e+10         0.0276              1       28759.49         0.0771              1 
122          NO_ID   0.7880010859    462.3818352    2.449171342   0.4872100129  0.09205889547    8.264532964    28.91098964  0.04529578258   0.6028054116   0.2015962658   0.1645172172   0.1828732087   0.2123579624   0.6303736275   0.6585523343      60.205389   1.365517e+10         0.0285              1       22679.15         0.0473              1 
123          NO_ID   0.7321852836    532.5929849    2.477088418   0.4720599294  0.08514396158    8.347815369    26.98171377  0.04252771135   0.5473124408   0.1988516058   0.1803956495   0.2284691148   0.2023787219   0.5808630878   0.3768542722      62.132469   1.841935e+10         0.0201              1       35097.56         0.0572              2 
124          NO_ID    0.823693215    417.6622025    2.163050379    0.536486835   0.1059757403    9.049183169    26.01519534  0.04425952074   0.5162048376   0.2372589748    0.182826158   0.2031712174   0.2082710025   0.5772211941   0.7943526999      62.323946   1.349297e+10         0.0547              1       23608.31         0.0584              1 
125          NO_ID   0.8296717019    486.8671849    2.465345878   0.4698042594  0.09937618511    8.813550893    27.99080514  0.04790854625   0.4988569175   0.1948893123   0.2274272835   0.1969323006   0.1650565446   0.5339367094     1.00438888      60.761456   1.204254e+10         0.0311              2       26119.32         0.0712              1 
126          NO_ID    0.802471672    424.7345146    2.217618885   0.5426077813   0.1054378278    8.596223014    23.80305973  0.03573977071   0.5026630875   0.2227150114   0.2140445034   0.2052899584    0.186433161   0.6023669235   0.5683476516      64.983419   1.351878e+10         0.0287              1       26701.28         0.0846              1 
127          NO_ID   0.7357934489    524.5607098    2.144467489   0.5120048119   0.1085469603    8.213992904    29.14875926  0.04212661857   0.5235158489   0.2287366734   0.1980627179   0.2274661092   0.1852746954   0.5741607161   0.5129475153      60.037353    1.82034e+10         0.0279              1       33832.45         0.0528              1 
128          NO_ID   0.7580207536    526.7626024    2.316566152   0.5408135642  0.09189957166    8.498220334    32.87403274  0.04890405787   0.5495677624   0.2507885886   0.1745966457   0.1934967075   0.1608564392    0.561973828     1.10143848       56.05485   1.747223e+10          0.021              1       35396.93         0.0959              1 
129          NO_ID   0.7236274949    448.0812931    2.530532108   0.5704409099  0.09341804922    8.081011145     29.3442235  0.04694655764   0.5149444157   0.2095141306   0.1838686746   0.2028079446   0.2181597806   0.5496633685   0.5865768171      59.985002   1.970525e+10         0.0227              1       32811.68         0.0863              1 
130          NO_ID   0.6845392435    481.1195912    2.022927421   0.4631947702  0.09157491088    7.045513857    34.30560708  0.04807193799   0.5299605144   0.2077518292   0.1947688989   0.2070718427   0.2124971682   0.6533240239   0.9628912239      56.040663   2.609823e+10         0.0231              1       43167.66         0.0436              1 
131          NO_ID   0.7654278278    552.4422961    2.172333931   0.5522812015   0.1056677109    8.124325654    25.66360312  0.04495287041   0.4441681973   0.2220185546   0.2014916943   0.1801058076   0.2101216542   0.4763574619   0.7058487428      63.774906   1.722167e+10         0.0265              1       31037.13         0.0773              1 
132          NO_ID   0.7017204968    524.0344801    2.547105146   0.4396267443   0.1103219207    7.316099287    26.54630351  0.05435122783   0.5895373327   0.2181251009   0.2111127833   0.2022223508   0.1945727166   0.5275080152   0.8074321555      63.590219   2.342611e+10         0.0233              1       42081.53         0.0711              1 
133          NO_ID   0.8167575564    500.2742777    2.407650571   0.4970997825   0.1037995022    8.192657994    27.18977727  0.04197381638   0.5388539666   0.2431778481   0.2104083843    0.240304854   0.2013658593   0.5757051435   0.7229106858      61.964876   1.307899e+10         0.0253              1       23135.14          0.063              1 
134          NO_ID   0.7314530325    434.2945994    2.394791719     0.55880908   0.1044667201    9.569962725     27.5202136  0.04456323619   0.5366103762   0.1986454935   0.2024312995   0.2269427757    0.169474597   0.6344410374    1.676751091      60.233439   2.116718e+10         0.0335              1        35689.8         0.0539              1 
135          NO_ID   0.7508229373     445.330226     2.14585236   0.5123801499   0.1023794259    8.674767203     26.0638198  0.05166032475   0.4932695192   0.2275276485    0.203503371   0.2073377554   0.1798140276   0.7039259452   0.6399137126      62.579615   1.768473e+10         0.0233              1       33878.15         0.0497              1 
136          NO_ID   0.7845954544    500.8228906    2.458880062   0.4208609156    0.101608652      7.8855216    26.91072204  0.04741182008   0.6326651602   0.2179006708   0.1434250601   0.1847383667   0.2227723007   0.6763219354    1.480727825      62.556051   1.538565e+10         0.0476              1       28577.28         0.0761              1 
137          NO_ID   0.8073744931    483.6795245    2.441918653   0.5110801388   0.1110857771    7.944789102    26.34415573  0.03885452111   0.5336226832   0.2384338153   0.2296922309   0.2339384018   0.1928953222    0.590136823   0.2271594526      63.031315   1.273284e+10         0.0447              1       24742.83         0.0787              1 
138          NO_ID   0.7657625493    581.1283677    2.468149937   0.5143637742   0.1276853187    8.378052468    26.44711191  0.03866969358   0.5875899288    0.226767849   0.1919161291   0.2083874244   0.1792926933   0.6567143653    0.995438957      62.443448   1.558171e+10         0.0231              1       30434.95         0.0918              1 
139          NO_ID   0.8095071188    462.1188267    2.309684776   0.4307046577   0.1050066257    9.980853292    30.84140112  0.04732438606   0.5669943004   0.2172778539   0.2313775753   0.2234135261   0.1804379312   0.5860525588   0.4381480306      56.589156   1.273578e+10         0.0333              2       22688.84          0.048              1 
140          NO_ID   0.7707628368    517.1071706     2.24873393   0.5727013363  0.09267886329    8.688648935    27.71627582  0.05039471725    0.517167034   0.2184249957   0.2037282199   0.1973278166   0.1768540034   0.6336679039   0.3730030525       60.93213     1.5248e+10         0.0287              1       28278.96         0.0717              1 
141          NO_ID   0.7471386272    478.0915402    2.335288805   0.4747886669  0.09378118646    8.202138175    27.23272435  0.05142886626   0.5265746335    0.220351687   0.1967064535   0.2079788654   0.2072153432   0.5711778602   0.5113533995      62.015134    1.73982e+10         0.0272              1       40408.43         0.1931              1 
142          NO_ID   0.8047883432    519.1546029    2.107524571   0.5060738167  0.09494207825    8.315133918    26.81015085  0.04038081381   0.6501589564   0.2134662027   0.2021938182    0.219956899   0.1822306867   0.6200814401    1.224575829      62.145231   1.428278e+10         0.0286              1       23673.79         0.0599              1 
143          NO_ID   0.8200989652    522.3265253    2.299814142   0.4613572278  0.09222077847    9.218884305    27.59071106  0.04862242204   0.4977093064   0.2102183147   0.2125799763   0.1582961383   0.1741086663     0.56587668    1.306069122      60.769415   1.326931e+10         0.0192              1       19474.47         0.0337              1 
144          NO_ID   0.7718760657    570.1361701    2.256699252   0.5022065879   0.1146197761    9.653575125    24.93477591  0.05179699144   0.4927530499    0.223352987   0.1795581938   0.1863747134   0.1977080294   0.5032757857    1.028811995      62.960003   1.705191e+10         0.0257              1          29136         0.0489              1 
145          NO_ID   0.7447999983     489.555567    2.236549214   0.4897052255   0.0885426356    8.647584898    29.73640588  0.04632557581   0.4670089373   0.1753756286   0.1914549898   0.1897778869    0.198241646   0.6255084774   0.9349567069      59.144068    1.82207e+10         0.0269              1       32759.47         0.0718              1 
146          NO_ID   0.7044020786      549.24952    2.521859306   0.5154053587  0.08144184718    6.639452278    20.98036077   0.0465954693   0.4906250768    0.250048893    0.193334876   0.1980565277   0.2105560967    0.579401339   0.4614315076      69.814721    2.19205e+10         0.0303              1       38987.43         0.0429              1 
147          NO_ID   0.7499041398    461.5267857    2.147985586   0.5164222445   0.1036770747    9.153201201    29.01233602  0.05220425136   0.5928499685   0.2493587119   0.2052008267   0.1976987239   0.1723094129   0.5594072029    1.905656056      59.185334   2.206991e+10         0.0583              1       32893.27         0.0664              1 
148          NO_ID   0.7958680317    567.7258289    2.180962415   0.5842438007  0.09459114875    9.560979332    35.69373692   0.0489489663   0.5820086927    0.205157908   0.1934319971   0.1851966241   0.2194679887   0.6961105817   0.7751130071      51.936126   1.351805e+10         0.0248              1       25638.74          0.039              1 
149          NO_ID   0.8249002399    438.6072964    2.339409222   0.5374811584  0.08665897722    8.639925479    27.08302389  0.04237295047   0.4459272812   0.2088042942   0.1785301179   0.2154412641   0.2192141192   0.5203600059    1.080336588       61.82226   1.241046e+10         0.0335              1       21823.75         0.0842              2 
150          NO_ID   0.7529988088    506.9692579    2.553244647   0.5647942154  0.08334829966    7.433955553    31.66799321  0.04768402454   0.5272319418   0.2152483677   0.1881205557   0.2543336302   0.1887002874   0.5548791893   0.7434266727      58.273711   1.654602e+10         0.0256              2       29859.07         0.0627              1 
151          NO_ID   0.7397244112    488.4827819    2.460377481   0.4987456569   0.1069709555    8.110302988    29.99916278  0.04676526955   0.4737583836     0.23596184   0.1903420411   0.1762836635   0.2310516541   0.5984570472   0.1942925901      59.332198   1.751487e+10         0.0247              1        36249.9         0.0594              1 
152          NO_ID   0.7952847567    484.5348963      2.1586611   0.5429498844   0.1080135917    8.797735514    24.58596695  0.04990038832   0.5468358457   0.2370864938   0.2203805123    0.162149119   0.1954689873   0.6514658117  0.03942033482      63.902047   1.327175e+10         0.0517              1       25580.87         0.0572              1 
153          NO_ID   0.7771546549    377.1472196    2.039216938   0.4808998129  0.09927824833    8.251280691    31.37588626  0.04794217558   0.5783369306   0.2243573429   0.1862533306   0.2013929238   0.1907429705    0.555843067    0.663158918      57.807786   1.600527e+10         0.0259              1       29979.06         0.0912              1 
154          NO_ID   0.7273159014    526.2921479    2.062390437   0.4353612585   0.1135644959    9.324621752    28.13032166  0.04017886752   0.4855276493   0.2309149541    0.192653802   0.2423710234   0.1622027289   0.6949442471   0.8673542522      59.947338   1.982047e+10         0.0225              1       36344.64         0.0544              1 
155          NO_ID   0.8062566446    475.2741647     2.40299471   0.4487427245  0.09650628781    9.247851704    30.14082121  0.04396267814   0.5723343157   0.2162553873   0.2105898488   0.1860043647   0.2222117151   0.6236125425   0.8831435229      57.991107   1.498063e+10         0.1684              1       24517.15         0.0947              1 
156          NO_ID    0.744556967    463.2070995    2.015909698   0.5311891887  0.09783320603    8.364313927    31.14010251  0.04096186065   0.6078180717    0.215469816   0.1942986622    0.178965328   0.2096775496   0.7015327649   0.6491585161      57.717837   1.963654e+10         0.0597              1       34372.78         0.0641              1 
157          NO_ID   0.7408084189    477.7225775    2.223620599   0.4909422733   0.1057693094    6.572665889     31.5859149  0.05317958432   0.5512279082   0.2176128933   0.1893209552   0.1816032235   0.2114490887   0.5787284131    1.347386724      59.261586   2.004555e+10         0.0227              1       31730.67         0.0563              1 
158          NO_ID   0.7525992096    545.3077212    2.369897173   0.5093716648  0.09748036586    8.949802863    35.91992396  0.04240134913   0.5590110484   0.2618244253   0.2081787846   0.1725773129    0.208453459   0.6549609007   0.2652721295      52.416014     1.5848e+10         0.0212              1       33586.97         0.0886              1 
159          NO_ID    0.757432958    516.3692043    2.220808558   0.5252119019  0.09554419813    10.26130894    37.37303895  0.05009831436   0.4359814179    0.266322635   0.1724861721   0.2161208641   0.2202773011   0.6726083981   0.1729464441      49.711001   1.546055e+10          0.024              1        34109.8         0.0932              1 
160          NO_ID   0.7540513126    469.6054999    2.542711844   0.4805952217   0.1161530588    8.570790171    31.79823377  0.05073131636   0.5507595299   0.1826048077   0.1911253324   0.2102942123   0.2090221633   0.5250774288  0.05173080752      57.114613   1.587099e+10         0.0297              1       28201.14         0.0541              2 
161          NO_ID   0.7650945299    439.7037833    2.352369777   0.5595694807   0.1025168833    9.342777582    29.41692591  0.05015181291   0.5194211595   0.2354525798   0.1898238338    0.187593015   0.1809325184   0.4725147961     1.06794913       58.74232   1.758523e+10          0.037              1       33111.24         0.0789              1 
162          NO_ID   0.7872013351    520.0089025     2.30848782   0.4568024402  0.08705341096    8.883523061    31.92375456  0.05402656328    0.587705037   0.2546599619   0.1775064286   0.1696117147   0.2300093126   0.6072845056   0.2750629789      56.568063   1.404528e+10         0.0314              1       26880.15         0.0616              1 
163          NO_ID   0.7196368315    427.4842753    2.176672664   0.5479623576  0.08910803742      9.4300962    29.03923603   0.0520249021    0.477037007   0.2454716642   0.1943559056   0.2302529726    0.193625756   0.7441475719   0.1819140556      58.756682   1.892081e+10         0.0274              1       41205.24         0.0547              1 
164          NO_ID   0.7249963481     585.431786    2.078307731   0.4520431176   0.1090299395    7.209464655    30.16956736   0.0517421569   0.5684301748   0.1853440407   0.1989482608   0.2264679144    0.213623169    0.594058285   0.3497654524      60.021281   2.009546e+10         0.0346              1          39622         0.0934              1 
165          NO_ID   0.7590054743    535.4123511    2.231373482    0.533176862  0.09906724618    9.061491363    28.31495549  0.04118791837   0.5242868284   0.2150818528   0.1736853466    0.173542839   0.2134302695   0.6284943009   0.6084273265        60.0216   1.681308e+10         0.0277              1       34533.17         0.0346              1 
166          NO_ID   0.7962909542    513.7141188    1.998644689    0.499838612  0.09884685586    8.921673689    35.39234551   0.0448223296    0.531643251   0.2404726034   0.1758265224   0.1833346237   0.2235945796   0.6781266623    1.085866828      53.009475   1.465562e+10         0.0238              1       28176.12         0.0747              1 
167          NO_ID   0.8666199422    408.1768461     2.21290985   0.4877352465   0.1029822542    8.849631136    30.87158051   0.0497073402   0.5688692673   0.2013159674   0.2068586883   0.2086706966   0.1731424601   0.6623775766   0.2907347196      57.617129     9091780000         0.0275              1       19285.79         0.0533              1 
168          NO_ID    0.826052075    544.6389213    2.086118884   0.5546056897   0.1077814725    8.445086544    28.26290404  0.04602401671   0.4878262334   0.2489079259   0.1503056828   0.2043149447   0.1976578853   0.5009085329   0.4942165417      60.793677   1.268364e+10         0.0321              1       19306.11         0.0801              1 
169          NO_ID   0.7929090398    532.1967464    2.433239731   0.5700530857  0.07492847675     9.28232279    26.86020523  0.05519694197   0.5223401375   0.2211035458   0.2071922527   0.1951769218   0.1749317308   0.5483889872    1.057932728       61.28816   1.520083e+10         0.0259              1       27637.68         0.0495              1 
170          NO_ID   0.7867857983     466.466425    2.137348524   0.4376260041   0.0791591284    9.210452808    26.16545907  0.04801842389     0.50337341   0.1992621912   0.1767821402   0.1888188949   0.1847628518   0.6872165924   0.4854113102      62.119068   1.355696e+10         0.0253              1       27948.37         0.0683              1 
171          NO_ID   0.7335900005    533.4674415    2.136478086   0.4260315728   0.1001647993    9.416070202    27.38522055  0.04817728374   0.4549387257   0.2270987629    0.195856486   0.1796173413   0.2033400164   0.6212833532    0.604756653      60.742201   1.892879e+10         0.0219              1       33080.77         0.0415              1 
172          NO_ID   0.7432229596    499.9650229    2.355333856   0.4150356507  0.08996647121    7.657468774    30.55707162  0.04874520456   0.5637287618   0.2527197917   0.1816111655   0.1735154043   0.1718991982   0.6176510063   0.8791032763      59.270587    1.90516e+10         0.0295              1       35243.26         0.0573              1 
173          NO_ID   0.8334092026    523.2890168    2.154608448   0.5630956234  0.08220805775    10.10971014     26.5796988  0.04761803763   0.5057056734   0.2324819235    0.199971451   0.1995334427    0.180194113   0.6217799419   0.8152015328      60.678003   1.170468e+10         0.0288              1       20253.98         0.0737              1 
174          NO_ID   0.7085821542     520.772938    1.961501075   0.5499989015   0.1026303289    6.725800963     28.1423208  0.05066395171    0.560402153   0.2573947055   0.1937465187   0.1710844635   0.1819749768   0.6845689297   0.5392105548      62.379413   2.284672e+10         0.0218              2       43323.57         0.0606              1 
175          NO_ID   0.7973825125    494.9173324    2.525613017   0.6145641529   0.1203941311    9.501536027    31.02158155  0.04500351002   0.6278078685   0.2123643069   0.1835223179      0.2179019   0.1870287528     0.71143408   0.5466950222      56.556861   1.163783e+10         0.0309              1       29413.71         0.1332              1 
176          NO_ID   0.7332607395     573.609746     2.03531154   0.5662373512   0.1058710232     9.88211114    23.90943829  0.04823053936    0.573657864    0.225366395   0.2098406753   0.1879729669    0.205106101   0.5275854158    1.158369817      63.558582   2.276009e+10         0.0764              1       34561.52         0.0736              1 
177          NO_ID    0.776590199     529.080165     2.25178267   0.4244125496  0.09620984625    9.038430242    25.51328187   0.0484597907   0.4866584764   0.2117016782   0.2088888438    0.194768581   0.1892090126   0.5679471506   0.2880228997      63.020032   1.488228e+10         0.0235              1       30442.44         0.0585              1 
178          NO_ID   0.8039947458      428.45808    2.454962881   0.4917790886   0.1012825013    7.010046636    31.85381367  0.05229801594   0.5287461341   0.2344911551   0.1843816489    0.179760067   0.2157346299   0.5371536243   0.1578678468      58.610513   1.242803e+10         0.0283              1       23016.38         0.0813              1 
179          NO_ID   0.7558728572    471.7477927    2.578101019   0.4435307203   0.1165204926     8.47873591    32.03206492  0.04085566682   0.4916063366    0.237516662    0.221678498   0.2006094292   0.1903914125    0.635251993    1.382715643      56.911238   1.785931e+10         0.0392              1       32222.66         0.0502              1 
180          NO_ID   0.7213694782     492.163825    2.415214143   0.4535214738  0.09921666397    8.100469565     28.8139973  0.05331248863   0.6029546607   0.2459557592   0.1625693857   0.2000060042   0.1905770119   0.6804159604   0.2140409393      60.397004   1.820929e+10         0.0285              1       35284.14         0.0471              2 
181          NO_ID    0.783830088    496.6729662    2.429075552   0.4794437148   0.1093836377     7.62610859    27.16336756  0.04542499426   0.4038800367   0.2367400927   0.1659436498   0.2148507796   0.2139705109   0.5821480508   0.1673002855      62.758738   1.400227e+10         0.0438              1       24179.33         0.0507              1 
182          NO_ID   0.7378982892    525.1932853    2.437832121   0.5057309476   0.1045891348    9.383797405    27.65347222  0.04841214877   0.5007733619      0.2551949   0.2300247882   0.2131111901   0.2000322957   0.5726813777    1.247905446       60.33218   1.909944e+10         0.0187              1       29549.42         0.0353              1 
183          NO_ID   0.7463800647    479.2553177    2.187318545   0.5342875598  0.09646236409     9.14678774    26.79856479  0.04574634419    0.536658428   0.2462784968   0.2281922234   0.2106803002   0.2317190621   0.6209721647   0.2363937281      61.303651   1.733221e+10         0.0323              2       32203.72         0.0435              1 
184          NO_ID   0.8446922956     624.052454     1.99470007   0.4770116082   0.1035038874    7.808827729    30.82494317  0.04688795114   0.5411580788   0.1999802998   0.2134732345   0.2213339701   0.1825341076   0.6452182864  0.08575388541      58.735128   1.036237e+10         0.0258              2       20842.78         0.0661              1 
185          NO_ID   0.7725560625    425.8559689    2.006404662   0.5230232797  0.09728651351    8.132381836    29.06744354  0.05076583134   0.5325739731   0.2006200831   0.2194258144    0.180852999   0.2211130376   0.5975226752    1.056214689       60.17699    1.73036e+10         0.0259              1       30649.46          0.065              1 
186          NO_ID   0.6796707461    404.5196405    1.963186566   0.6173172192   0.1149444079    8.664909665    27.37908891  0.05387997857   0.4537359414   0.1997976426   0.1892712656   0.1960713514   0.1991503016   0.5811900811   0.8273252482      61.350643   2.688236e+10         0.0248              1       48957.74         0.0857              1 
187          NO_ID   0.7306405528    514.7205473    2.031419345    0.413461424  0.09162558904    9.299029843    32.45265299  0.05293017596   0.4714885731   0.2143419284   0.1938774194   0.1890850495   0.1901548257   0.5397079201   0.6222148612      55.891644   2.047459e+10         0.0233              1       32732.54           0.08              1 
188          NO_ID   0.7633497119     640.380426    2.349984784   0.4960856714  0.08827432913     8.28045123    27.74381391  0.04518905406   0.6257127481   0.2031689665   0.1850114174   0.2198497454   0.1873115474   0.6044281648   0.8179449772      61.320703   1.657316e+10         0.0271              1       31355.25         0.0534              1 
189          NO_ID   0.7850930092    518.0341468    2.489770249   0.5610115632  0.08602632919    7.609197493     30.7779421  0.05287856759   0.5444552779   0.1860492902   0.1966129659   0.2038801554   0.1918222184   0.5565640009    0.319249291       59.03356   1.418075e+10         0.0268              1       23206.41         0.0562              1 
190          NO_ID    0.789359995    559.6245991    2.381990554   0.5236102072   0.1074918303    7.585083985     31.4817774  0.04832501783   0.4805508581   0.2206651091   0.2290309743   0.1928016517   0.2421586446   0.6139977538    1.372816549      58.274507   1.504598e+10         0.0255              1       26895.03         0.0826              1 
191          NO_ID   0.7670240148    498.1610741    2.297729945   0.4534143364    0.104956461    9.113025392    29.09729357  0.04594747682   0.5085844994   0.2109525955    0.232532788   0.2046165758   0.2015280711   0.6064011973   0.6805817063      59.220747    1.62343e+10         0.0262              2       31450.28          0.066              1 
192          NO_ID   0.8137535648    591.3230416    2.100627054   0.5135464647   0.1112999542    9.843504005    30.28280885  0.04812947443   0.5040945665   0.2170411265   0.2009017754   0.1984528846   0.2039556988   0.5325149335   0.9664669108       57.34375   1.307844e+10         0.0214              1       27000.52          0.066              1 
193          NO_ID   0.7365894008    587.6641304    2.448999827   0.4786131763  0.09442644153    9.590801862    24.26398363  0.04226106502   0.6009774506   0.2236048163   0.1976067105    0.194589325   0.2154693995   0.5626190542    1.573028127      63.535047   2.116562e+10         0.0264              1       38084.45         0.0908              1 
194          NO_ID   0.7489810761    542.1557801    2.184543083   0.5868729079   0.1235617078    7.538100043    29.19475226  0.05277224716   0.5431432466    0.207014373   0.1962175538   0.1822929229   0.2171201501    0.616837164    0.673396937      60.541315   1.825123e+10         0.0223              1       32577.41         0.0683              1 
195          NO_ID    0.738353037    467.1665505    2.605443056   0.4926802883   0.1004490054    9.166881507    23.50174676  0.04145865298   0.5355181566   0.2258657075   0.2133974533   0.1580372313   0.1700667009   0.6437419452   0.5947004072      64.750157    1.66276e+10         0.0264              1       33795.71         0.0664              1 
196          NO_ID   0.6659838288     450.348339    2.344667689   0.5652722967   0.1064437349    9.933292676    30.60825649  0.04640726969   0.4791228873   0.2529750736   0.2363326071   0.1867402555   0.2049830339   0.6322061484   0.5574477369      56.747968   2.731315e+10         0.0297              1       50499.55         0.0544              1 
197          NO_ID   0.7935167351    491.4070637    2.506693242   0.5464956407   0.1195844255    8.501893028    34.66921294  0.04202642633   0.5330079352   0.2054745557   0.1854852722   0.1792413037   0.1979522963   0.6242404381   0.8565334624      54.195386   1.352513e+10         0.0251              1       22339.73         0.0715              1 
198          NO_ID     0.81967149    459.8492525      2.1941925   0.4409129683  0.09953946082    9.700557022    29.93277546  0.04607410756   0.4748173441   0.2187894962   0.2040466325   0.2242178397   0.2074161326   0.6309427844    0.404847205      57.819911   1.211594e+10         0.0219              1       23269.38         0.0737              1 
199          NO_ID   0.7170034779    472.4817008    2.322093388   0.4797039583  0.09805591391    8.561860389    26.50126492  0.04533388431   0.5249230489   0.2168467148   0.2028790678   0.2297922332   0.2207388185   0.6015868184   0.9152919281      62.317014   2.130394e+10         0.0243              1       40673.77         0.0514              2 
200          NO_ID    0.711697671    554.5827637    2.303430253   0.5173197898   0.1061641702    8.802216188    32.52923051  0.04956106955   0.4708874688   0.2228030945   0.1849036544   0.1959473657   0.1788784806   0.5584850056   0.8598219305      56.183603   2.184866e+10          0.035              1       43653.81         0.1422              1 
201          NO_ID   0.7417376991    476.7357694    2.392124435   0.4622457007  0.09023612788    8.291113924    27.88599243  0.05265402096   0.4991374656   0.2304962783   0.2257029979   0.2093742695   0.1739031565   0.5148405917   0.7893009827      61.364303   1.861141e+10         0.0233              1        33579.1         0.0701              2 
202          NO_ID   0.7350337311    504.6407012    2.253852701   0.4284892612   0.1103815205    9.625242209    31.70966948  0.04947878448   0.5448823057   0.1956461756   0.1781848025    0.153439949   0.2065317201   0.5240339145  0.01939716753       56.27402    1.81707e+10         0.0183              1       32014.42         0.0564              1 
203          NO_ID   0.7320499907    561.8171234    2.267012588   0.3901451406   0.1125154843    7.754786602    28.93969258   0.0547108537   0.5760666862   0.2412447656   0.2218672159   0.1962581591   0.2007869572   0.6026628883   0.3422997355      60.709263   1.899303e+10         0.0232              1       36687.51         0.0644              1 
204          NO_ID   0.7677688753    548.2217584     2.22871524    0.482675275   0.1062524066     8.16701756    35.29423203  0.04580583124   0.5142597306   0.2208962991   0.2148911023   0.1702022932   0.1762472018   0.4902100642   0.6197662079       54.11731    1.70386e+10         0.0223              1       27577.81         0.0548              1 
205          NO_ID   0.7485941371    534.2074965    2.141533192   0.5209907171  0.09821559243    8.625308103    28.52264587  0.04066788241   0.5179768708   0.2157339147   0.1835102555    0.223735392   0.2245556358   0.6126363094   0.3595011459      60.214023   1.687368e+10         0.0295              1       34674.48         0.0764              1 
206          NO_ID   0.6923962447    465.0021957    1.985672784   0.5249040685   0.1073120973    6.988860469    28.60907143  0.04473487034   0.5099389734   0.1845001565    0.217408698   0.1812106576   0.1811414619   0.5961408183    1.244661797      61.854776   2.760338e+10         0.0328              2       44266.06         0.0633              1 
207          NO_ID   0.7691031615    510.6375252    1.990682477   0.5152650448  0.09737374395    9.025289644    26.61768948  0.04696436021   0.4757808535   0.2316331649   0.1818893436   0.2223991822   0.2269509967    0.495819162    0.155085513      61.862945   1.670435e+10         0.0242              1       26648.74         0.0533              1 
208          NO_ID   0.6689140685    485.6395747    2.164745182   0.5468571226   0.1142869537    9.275221673    30.72473941  0.04339779969   0.5930384443   0.2417792303   0.2045132612   0.1872274274   0.1858688741   0.5217793256   0.7788470318       57.36129   2.827149e+10         0.0226              1        49574.2         0.0987              1 
209          NO_ID   0.7831406169    501.5867714    2.244730546   0.4727290485  0.09383806434      10.558475    27.45082497  0.05000416216   0.5120671693   0.2284397859    0.210754746   0.1829674038   0.2176794636   0.6149317589    1.293156875      59.407288   1.489119e+10          0.034              1       26088.72         0.0369              1 
210          NO_ID   0.8056739686    450.9987995    2.333539435   0.5020549276  0.09064313984    8.819381936     29.5205565  0.04461659448   0.5627158419   0.2435402227   0.1724041671   0.2046717173   0.1469930208   0.5889785138   0.6012523594      59.103443   1.264765e+10         0.0308              1       30513.44         0.0969              2 
211          NO_ID    0.706678774     518.596073    2.397101179   0.5104450292    0.121473969    8.395744115    24.17018811  0.05427360303   0.5943773935   0.1982843067   0.1884925877   0.2144885792   0.2037554149    0.517664435   0.2555860173      64.830812   2.154952e+10         0.0255              1       39016.33         0.0428              1 
212          NO_ID   0.7239523482    516.8905857    2.096368123   0.4385228557   0.1084487646    9.305422038    29.56379575  0.04649330591   0.4998076994   0.1892200747   0.1731422551   0.1993154112   0.1861511051   0.6008093214   0.6536600768      58.688871   2.076468e+10         0.0263              1       36518.87          0.062              1 
213          NO_ID   0.7891866679     503.576954    2.318867256   0.5982030331  0.09483303755    8.682173149     33.7486401  0.04779971171   0.5609362746   0.2138583042   0.1751906213   0.1873472678   0.2078369437    0.661376908   0.7340310341      54.821805   1.354931e+10         0.0234              1       27220.56          0.083              1 
214          NO_ID   0.7763077768    545.8535476    2.600316287   0.4905473258    0.106636662    8.225716986     31.5062009  0.03721998548   0.5757377543   0.2115132187   0.2180168805   0.2049989117   0.2167475702   0.6152327901   0.8397882585      57.591431   1.428961e+10         0.0258              1       24871.43          0.077              1 
215          NO_ID    0.775297392     597.451685    2.485702144   0.4956337249  0.09325047776    8.772444616    31.90457019  0.04310956039   0.4281762256   0.2301413878   0.2409487254   0.2117475947   0.1878049412   0.5963367543   0.7500538874      56.795836   1.482498e+10         0.0244              1       28013.05         0.0483              1 
216          NO_ID   0.7820174531    497.0770547    2.341782886   0.4891474444  0.09612304054    7.295657521    34.96198198  0.05247583219   0.5588967793   0.2237626089   0.1922965115   0.2208921278    0.192724012   0.6083491767    1.324983455      55.107693   1.581665e+10         0.0281              1       28733.29         0.0633              1 
217          NO_ID   0.7265345748    420.9562332    2.331607254   0.5198971187   0.1153500096    7.957065854    30.43088383  0.04837905269   0.4772653493   0.2245970959   0.2163973502   0.2067112906   0.2041509598   0.5749446783   0.4802463334      59.024357   2.000655e+10         0.0274              1       38791.88         0.0783              2 
218          NO_ID    0.766628354    505.9064356    2.349084041   0.4234907247   0.0932791299    7.984168388    25.87577827  0.04824971348   0.5792035451   0.2142034749   0.2212998418    0.206427564   0.2143149525   0.6112537933  0.06479823843      63.528331   1.425439e+10         0.0241              1       26417.22         0.0768              1 
219          NO_ID   0.7790069365    435.7970636     2.27508366   0.4885775943   0.1014103846    7.720734674    26.23621548  0.05028926223   0.4835706173   0.2318162386   0.1671276724    0.175351422   0.2005339731   0.5459128217   0.9433672315       63.59846   1.575178e+10         0.0243              1       27890.95         0.0957              1 
220          NO_ID   0.7713578962    482.9694738     2.46873643   0.4743634907   0.1177499106    7.777418681    22.19174754  0.04682298355   0.5259381108   0.2587873833   0.1694061706   0.2132103659   0.1991997177   0.6179363807   0.2972955093      67.407419   1.430793e+10         0.0255              1       26872.73         0.0464              1 
221          NO_ID   0.7619509567    543.6469399    2.225399431   0.5483077089     0.10469007    7.376621959    33.50648244  0.04548260374   0.3925690872   0.2332434115   0.1887865088   0.1929955648   0.2021078954   0.6769056698   0.4549111237      56.531807   1.525171e+10         0.0264              1       31839.81         0.0642              1 
222          NO_ID   0.7863442149     493.564444    2.411617076   0.4691879293    0.111523662    8.142718368    28.35420487  0.05017884546   0.5126406863   0.2213949167   0.1803736754   0.1909212321   0.1703805838   0.6100776069   0.3320056467      60.986398   1.322978e+10         0.0183              1       27360.46         0.0695              1 
223          NO_ID   0.7263321959     452.252681    2.082950708   0.5403215032  0.09297349969    8.234286633    32.74393184  0.04141238561   0.4516792479   0.1973336385   0.1743161277   0.2188823883   0.2042371102   0.6035239786   0.8032823505      56.497102   2.179436e+10         0.0263              1       39775.29         0.0863              1 
224          NO_ID   0.7782902329    490.3270121    2.594275005   0.5083921055  0.08773771215     8.19028558    28.89629975  0.04505773862   0.4626385298   0.2249653634   0.2206501008   0.2029596591   0.2067583988    0.664658451   0.5219026128      60.289597   1.369625e+10         0.0336              1       27543.44         0.0687              1 
225          NO_ID   0.7197854114    484.9936687    2.305742377   0.4991163312   0.1125791976    8.757360889    29.59332629  0.05680392492   0.5185609229   0.2042976294   0.2100127642    0.218947802   0.1998757418   0.6906171578   0.5178312839      58.938501   1.901799e+10         0.0262              1       33773.06         0.0508              1 
226          NO_ID   0.8427559027    482.0982726    2.454189227    0.364650752  0.08046851812     9.00467472    28.10265827  0.04930843575   0.4680018767    0.228557479    0.191765272   0.1882052702   0.1967283954   0.5974474771    0.599497639      60.527534   1.047536e+10         0.0267              1       19788.11          0.062              2 
227          NO_ID   0.8183719422    525.9807111    2.169278281   0.4882013934   0.1109892849    7.262783639    23.44449968  0.04982708207   0.5745286679   0.2705161341   0.2278356259   0.1783031377   0.1836824668   0.6543200406    1.126743192      66.554513   1.377519e+10         0.0324              1       23839.73         0.0786              1 
228          NO_ID    0.762724257    602.6995589    2.320314788   0.5267244769   0.1087297669    8.488613825    31.17798148  0.04445407487   0.5195901148   0.2246623076   0.1716508885   0.2128475331   0.1833558486   0.6716839806    1.593433159      57.669706   1.839993e+10         0.0493              1       32382.35          0.066              1 
229          NO_ID    0.734411759    481.4961863    2.203347949   0.5015353229  0.09400459842    9.179009926    24.61537517  0.04714643335   0.5578007676   0.2338496284   0.2118350858   0.2014795566   0.2218199806   0.7292551295   0.7128837809      63.406888    1.83711e+10         0.0295              1        41201.4         0.0738              1 
230          NO_ID   0.6982673917    541.5393535    2.421738414   0.5081972928  0.09903922361    8.720503006    28.77462281   0.0488432801   0.5488753531   0.2736803385   0.2269242454   0.2320801239   0.2010076074   0.5090062689   0.4183432814       59.85722   2.250691e+10          0.029              1       39647.27         0.0586              1 
231          NO_ID    0.743977521    494.3344512    2.535375751   0.5942475006   0.1083431935    8.548300739     28.2904081  0.04959073428   0.4842635256   0.2160463841   0.2223927575   0.2019264753   0.2145534703   0.6038926892   0.6566909208      60.466034   1.751106e+10         0.0213              2       41459.38          0.112              1 
232          NO_ID   0.7368993831    457.6716627    2.152901672   0.4936685227   0.1000270026    10.30883939    25.74524698   0.0504205842   0.5047599452   0.2068022394   0.2001583419   0.1804954106   0.2068299452    0.647143001   0.2108089142      61.355609   1.833525e+10         0.0316              1       33567.46         0.0768              1 
233          NO_ID   0.7534799583    502.6488946    2.426074216   0.5377653445  0.09982034955    7.734719334    29.80921001  0.04747627742   0.6851348101   0.2163764787   0.1589411609   0.1944169287    0.224871058   0.4984426449   0.5812134457      59.792826   1.728654e+10         0.0316              1       28063.42         0.0336              1 
234          NO_ID   0.7146240326    499.3908463    2.619605215   0.5388379333   0.1040994678    9.475156241    29.64927283  0.03782703011   0.5064420052   0.2290040093   0.2039505257   0.2172490392   0.2416090679    0.544192585   0.6308941835      58.252359   2.124986e+10         0.0303              1       37073.49         0.0386              2 
235          NO_ID   0.7548679945    555.8180585     2.60983513   0.5902484244   0.1140276424    8.245518703    28.02624234  0.05366826571   0.5846467461   0.2193873404   0.1952923527   0.1868852947   0.2120642257    0.589842656   0.1156106141      60.982176   1.486483e+10         0.0226              1       31115.86         0.0688              1 
236          NO_ID   0.6903830992    465.3153076    2.048469427    0.454276939   0.1071613776      8.2724907    29.95482814  0.03925190768    0.611226983   0.2472720767   0.2371822513   0.2385201928   0.1921747858   0.6117532043   0.8934309013      59.033861   2.540889e+10         0.0177              1       40747.73         0.0433              1 
237          NO_ID   0.7476610593    512.0045675     2.02601186   0.5443541358   0.1117257969     7.92841608    32.63731264  0.04386806656    0.497909463    0.244050989   0.2192696324   0.2075014367   0.2011009975   0.6132448551   0.6280707801      56.751246   1.797909e+10         0.0233              2        33190.5         0.0795              1 
238          NO_ID   0.8016650254    422.9730538    2.327113743   0.4939598245   0.1094907775    7.637722246    28.86948922  0.05085278918   0.6137541252   0.2444338672   0.2165710886   0.2277819848   0.2320893917   0.6407576435    1.108082105      60.663097   1.296049e+10         0.0254              2       24804.69          0.054              1 
239          NO_ID   0.7510352654    433.5309809    2.109837198   0.4461326184   0.1193210185    7.862054787    25.35426344   0.0440940976    0.525532247   0.1657961312   0.1870698092   0.2092149112    0.179402836   0.5635736658   0.3353514424      64.343544   1.761646e+10         0.0247              1       31007.02         0.0581              2 
240          NO_ID   0.7874375544    504.7249974     2.09980612   0.5008940463  0.09700590916    9.359060071     33.9973827  0.04707351874   0.6201709803   0.2388573385   0.2126994344   0.1915056041   0.1994108012   0.6592216559   0.1996905242      53.876718   1.368741e+10          0.028              2       31750.51         0.0832              1 
