 Values from hb2.mt2.3dmap

    Values by voxel
    ----------------------------------------------------------------------
          1      1      1      2.2785000E+02  1.3089969E-01 -9.1440000E+00
         Family Photon Flux
             Photon Flux track-length estimate
              2.0000000E+07  0.0000000E+00  0.0000000E+00
              1.0000000E+07  1.0872141E+08  2.6758005E+07
              8.0000000E+06  8.5555797E+08  1.1107544E+08
              6.5000000E+06  4.9432440E+08  8.3477140E+07
              5.0000000E+06  2.9719890E+08  4.7276816E+07
              4.0000000E+06  3.9779667E+08  7.6986996E+07
              3.0000000E+06  2.3234607E+08  4.7256817E+07
              2.5000000E+06  7.4755681E+08  8.7391471E+07
              2.0000000E+06  5.8797489E+08  8.9362394E+07
              1.6600000E+06  4.8996978E+08  1.1418213E+08
              1.3300000E+06  5.4754660E+08  1.7189043E+08
              1.0000000E+06  4.5524423E+08  2.1181731E+08
              8.0000000E+05  4.4430608E+08  1.0311800E+08
              6.0000000E+05  1.2273173E+09  2.6772477E+08
              4.0000000E+05  5.4175389E+08  1.3357741E+08
              3.0000000E+05  2.2983369E+09  1.2659935E+09
              2.0000000E+05  1.9832335E+09  4.5878177E+08
              1.0000000E+05  7.5647760E+08  4.4334599E+08
              4.5000000E+04  0.0000000E+00  0.0000000E+00
              1.0000000E+04
         Family Responses
             All of the responses for this mesh tally
                             2.7555096E+04  2.2409839E+03

          2      1      1      2.3155000E+02  1.3089969E-01 -9.1440000E+00
         Family Photon Flux
             Photon Flux track-length estimate
              2.0000000E+07  0.0000000E+00  0.0000000E+00
              1.0000000E+07  5.7816429E+07  1.3959202E+07
              8.0000000E+06  5.5153934E+08  8.5046368E+07
              6.5000000E+06  4.1216075E+08  7.8939528E+07
              5.0000000E+06  3.1389691E+08  4.1218533E+07
              4.0000000E+06  5.0845230E+08  7.3858660E+07
              3.0000000E+06  3.2288270E+08  4.1233562E+07
              2.5000000E+06  6.7081057E+08  6.9882095E+07
              2.0000000E+06  5.0762394E+08  6.4644868E+07
              1.6600000E+06  4.6655292E+08  8.6291521E+07
              1.3300000E+06  6.4499494E+08  1.1509669E+08
              1.0000000E+06  3.6278518E+08  9.4840557E+07
              8.0000000E+05  5.7951020E+08  1.3890565E+08
              6.0000000E+05  1.1511721E+09  1.5278203E+08
              4.0000000E+05  7.8889175E+08  1.5780002E+08
              3.0000000E+05  1.4935957E+09  2.6386918E+08
              2.0000000E+05  2.3934377E+09  4.6979772E+08
              1.0000000E+05  5.8075571E+08  5.5301870E+08
              4.5000000E+04  0.0000000E+00  0.0000000E+00
              1.0000000E+04
         Family Responses
             All of the responses for this mesh tally
                             2.4684450E+04  1.6517748E+03

          3      1      1      2.3525000E+02  1.3089969E-01 -9.1440000E+00
         Family Photon Flux
             Photon Flux track-length estimate
              2.0000000E+07  0.0000000E+00  0.0000000E+00
              1.0000000E+07  8.2242506E+07  5.8799360E+07
              8.0000000E+06  4.2999289E+08  6.5208976E+07
              6.5000000E+06  3.9349235E+08  7.4426720E+07
              5.0000000E+06  3.0927738E+08  3.9783312E+07
              4.0000000E+06  5.3140791E+08  7.4028386E+07
              3.0000000E+06  3.6989177E+08  4.8952126E+07
              2.5000000E+06  9.2693733E+08  6.6377559E+07
              2.0000000E+06  6.2404959E+08  5.4704557E+07
              1.6600000E+06  4.1162855E+08  8.8526015E+07
              1.3300000E+06  5.0216589E+08  8.2049286E+07
              1.0000000E+06  3.0421001E+08  5.5789862E+07
              8.0000000E+05  5.7517589E+08  1.6880537E+08
              6.0000000E+05  9.8131781E+08  1.4428516E+08
              4.0000000E+05  6.7348676E+08  1.1797541E+08
              3.0000000E+05  1.3501561E+09  1.8179216E+08
              2.0000000E+05  2.6278685E+09  4.3275923E+08
              1.0000000E+05  9.2980971E+08  3.8182964E+08
              4.5000000E+04  0.0000000E+00  0.0000000E+00
              1.0000000E+04
         Family Responses
             All of the responses for this mesh tally
                             2.4604226E+04  1.6967951E+03

          4      1      1      2.3895000E+02  1.3089969E-01 -9.1440000E+00
         Family Photon Flux
             Photon Flux track-length estimate
              2.0000000E+07  0.0000000E+00  0.0000000E+00
              1.0000000E+07  4.4824831E+07  3.2287649E+07
              8.0000000E+06  3.2388956E+08  3.8169749E+07
              6.5000000E+06  3.2216643E+08  5.8361416E+07
              5.0000000E+06  2.9993554E+08  3.7256167E+07
              4.0000000E+06  4.9045813E+08  7.0064931E+07
              3.0000000E+06  3.5769241E+08  4.5553016E+07
              2.5000000E+06  9.5810483E+08  7.3948427E+07
              2.0000000E+06  6.6862519E+08  6.9283886E+07
              1.6600000E+06  3.9647732E+08  4.8439277E+07
              1.3300000E+06  4.2334637E+08  7.2722830E+07
              1.0000000E+06  3.1338280E+08  4.5493038E+07
              8.0000000E+05  5.3311720E+08  8.5413136E+07
              6.0000000E+05  6.5032602E+08  7.7875956E+07
              4.0000000E+05  8.2689451E+08  2.0744221E+08
              3.0000000E+05  1.1469071E+09  1.7599004E+08
              2.0000000E+05  2.1434433E+09  3.4465875E+08
              1.0000000E+05  7.3485915E+08  2.5572871E+08
              4.5000000E+04  0.0000000E+00  0.0000000E+00
              1.0000000E+04
         Family Responses
             All of the responses for this mesh tally
                             2.2120016E+04  1.4162936E+03

          5      1      1      2.4265000E+02  1.3089969E-01 -9.1440000E+00
         Family Photon Flux
             Photon Flux track-length estimate
              2.0000000E+07  0.0000000E+00  0.0000000E+00
              1.0000000E+07  3.8880004E+07  1.9892341E+07
              8.0000000E+06  2.7162048E+08  3.5038046E+07
              6.5000000E+06  2.7691625E+08  3.8786589E+07
              5.0000000E+06  2.5407129E+08  2.9458001E+07
              4.0000000E+06  4.4153555E+08  4.8058663E+07
              3.0000000E+06  3.3469617E+08  4.0130653E+07
              2.5000000E+06  8.8880797E+08  6.0763471E+07
              2.0000000E+06  5.0040806E+08  5.0282611E+07
              1.6600000E+06  3.1135229E+08  3.9443198E+07
              1.3300000E+06  4.0383604E+08  6.5665063E+07
              1.0000000E+06  2.0668946E+08  3.3035671E+07
              8.0000000E+05  3.4886358E+08  3.9911897E+07
              6.0000000E+05  7.8473682E+08  9.6475866E+07
              4.0000000E+05  6.3119411E+08  1.4007057E+08
              3.0000000E+05  9.6281442E+08  1.1996138E+08
              2.0000000E+05  1.8712402E+09  2.3273019E+08
              1.0000000E+05  8.4368609E+08  2.0760746E+08
              4.5000000E+04  0.0000000E+00  0.0000000E+00
              1.0000000E+04
         Family Responses
             All of the responses for this mesh tally
                             1.9054885E+04  9.8488320E+02

          6      1      1      2.4635000E+02  1.3089969E-01 -9.1440000E+00
         Family Photon Flux
             Photon Flux track-length estimate
              2.0000000E+07  1.6111901E+05  1.5703938E+05
              1.0000000E+07  1.9188489E+07  8.1961527E+06
              8.0000000E+06  2.6111170E+08  4.0022943E+07
              6.5000000E+06  2.4384849E+08  3.6488898E+07
              5.0000000E+06  2.2040867E+08  2.3212364E+07
              4.0000000E+06  3.9043549E+08  5.0890691E+07
              3.0000000E+06  3.0351782E+08  2.6448415E+07
              2.5000000E+06  7.3957903E+08  5.5223704E+07
              2.0000000E+06  4.7193021E+08  4.1647415E+07
              1.6600000E+06  2.8731323E+08  3.1564357E+07
              1.3300000E+06  4.4054519E+08  5.7962063E+07
              1.0000000E+06  1.8013298E+08  3.2743401E+07
              8.0000000E+05  2.8039051E+08  4.6294616E+07
              6.0000000E+05  7.0443245E+08  6.0042221E+07
              4.0000000E+05  6.4524478E+08  1.2866834E+08
              3.0000000E+05  9.9627672E+08  1.2778540E+08
              2.0000000E+05  2.0092037E+09  2.5761204E+08
              1.0000000E+05  1.1364183E+09  3.6965399E+08
              4.5000000E+04  0.0000000E+00  0.0000000E+00
              1.0000000E+04
         Family Responses
             All of the responses for this mesh tally
                             1.7397038E+04  1.1200712E+03

          7      1      1      2.5005000E+02  1.3089969E-01 -9.1440000E+00
         Family Photon Flux
             Photon Flux track-length estimate
              2.0000000E+07  0.0000000E+00  0.0000000E+00
              1.0000000E+07  7.0943574E+06  4.3462843E+06
              8.0000000E+06  1.8625085E+08  2.8252730E+07
              6.5000000E+06  1.6733163E+08  2.1719839E+07
              5.0000000E+06  2.5492308E+08  4.7858224E+07
              4.0000000E+06  3.1269520E+08  2.9866793E+07
              3.0000000E+06  2.5549386E+08  2.3296037E+07
              2.5000000E+06  6.4714471E+08  5.5547474E+07
              2.0000000E+06  4.1217903E+08  3.1968253E+07
              1.6600000E+06  2.9444710E+08  2.4276459E+07
              1.3300000E+06  3.3280791E+08  3.4057954E+07
              1.0000000E+06  1.8846697E+08  3.0406528E+07
              8.0000000E+05  3.2507169E+08  4.4542805E+07
              6.0000000E+05  6.1900700E+08  9.4987297E+07
              4.0000000E+05  4.1352504E+08  5.8846927E+07
              3.0000000E+05  7.7766173E+08  1.1093432E+08
              2.0000000E+05  1.8941916E+09  2.9614561E+08
              1.0000000E+05  9.5564933E+08  3.1352274E+08
              4.5000000E+04  0.0000000E+00  0.0000000E+00
              1.0000000E+04
         Family Responses
             All of the responses for this mesh tally
                             1.4698488E+04  7.4802716E+02

          8      1      1      2.5375000E+02  1.3089969E-01 -9.1440000E+00
         Family Photon Flux
             Photon Flux track-length estimate
              2.0000000E+07  6.3889298E+04  6.2271585E+04
              1.0000000E+07  6.6089364E+06  2.5279702E+06
              8.0000000E+06  1.2045091E+08  1.4202579E+07
              6.5000000E+06  1.5538940E+08  2.4762957E+07
              5.0000000E+06  1.7372023E+08  2.0700376E+07
              4.0000000E+06  2.3512684E+08  2.9909256E+07
              3.0000000E+06  2.4034802E+08  2.3051339E+07
              2.5000000E+06  5.1072391E+08  4.8502184E+07
              2.0000000E+06  3.1674481E+08  2.4952722E+07
              1.6600000E+06  2.8340174E+08  2.4975733E+07
              1.3300000E+06  2.8373225E+08  3.3482115E+07
              1.0000000E+06  1.8472210E+08  2.0840704E+07
              8.0000000E+05  3.0268511E+08  3.9978842E+07
              6.0000000E+05  4.7443083E+08  4.5471250E+07
              4.0000000E+05  3.5030757E+08  4.5419312E+07
              3.0000000E+05  6.9382762E+08  1.3912137E+08
              2.0000000E+05  1.2356961E+09  1.3691044E+08
              1.0000000E+05  7.3620997E+08  2.0574103E+08
              4.5000000E+04  0.0000000E+00  0.0000000E+00
              1.0000000E+04
         Family Responses
             All of the responses for this mesh tally
                             1.1725206E+04  6.6577864E+02

          9      1      1      2.5745000E+02  1.3089969E-01 -9.1440000E+00
         Family Photon Flux
             Photon Flux track-length estimate
              2.0000000E+07  3.2327992E+05  2.2921075E+05
              1.0000000E+07  4.0551887E+06  1.8120085E+06
              8.0000000E+06  8.2840966E+07  1.3276957E+07
              6.5000000E+06  1.4116701E+08  2.3955525E+07
              5.0000000E+06  1.3600993E+08  1.7379971E+07
              4.0000000E+06  2.0298903E+08  2.2633577E+07
              3.0000000E+06  2.2341601E+08  3.0261451E+07
              2.5000000E+06  4.6361612E+08  3.8963776E+07
              2.0000000E+06  2.9739124E+08  3.1286917E+07
              1.6600000E+06  2.2320304E+08  2.0877555E+07
              1.3300000E+06  2.7699218E+08  3.0318443E+07
              1.0000000E+06  1.6765240E+08  1.9579885E+07
              8.0000000E+05  1.9078975E+08  2.5912500E+07
              6.0000000E+05  5.2979326E+08  5.6056286E+07
              4.0000000E+05  3.8009396E+08  7.0473921E+07
              3.0000000E+05  7.6121695E+08  1.3807019E+08
              2.0000000E+05  1.4088967E+09  1.8678514E+08
              1.0000000E+05  8.5057044E+08  2.4742636E+08
              4.5000000E+04  0.0000000E+00  0.0000000E+00
              1.0000000E+04
         Family Responses
             All of the responses for this mesh tally
                             1.0574558E+04  5.4655504E+02

         10      1      1      2.6115000E+02  1.3089969E-01 -9.1440000E+00
         Family Photon Flux
             Photon Flux track-length estimate
              2.0000000E+07  1.4309543E+05  1.3652067E+05
              1.0000000E+07  4.3672205E+06  1.7341060E+06
              8.0000000E+06  6.2254321E+07  9.9555960E+06
              6.5000000E+06  9.5106818E+07  1.5108824E+07
              5.0000000E+06  1.2131442E+08  1.3020274E+07
              4.0000000E+06  1.6776996E+08  2.1921211E+07
              3.0000000E+06  1.4029581E+08  1.6577974E+07
              2.5000000E+06  2.9854210E+08  2.4342366E+07
              2.0000000E+06  2.3301162E+08  2.1089695E+07
              1.6600000E+06  1.4163725E+08  1.5221279E+07
              1.3300000E+06  2.2900043E+08  2.0853017E+07
              1.0000000E+06  1.1437695E+08  1.4515254E+07
              8.0000000E+05  1.8760687E+08  2.6152814E+07
              6.0000000E+05  3.9346950E+08  3.8879617E+07
              4.0000000E+05  2.9505954E+08  3.7935934E+07
              3.0000000E+05  6.1866482E+08  8.8173605E+07
              2.0000000E+05  9.5747475E+08  1.3030474E+08
              1.0000000E+05  6.7664350E+08  1.5502223E+08
              4.5000000E+04  0.0000000E+00  0.0000000E+00
              1.0000000E+04
         Family Responses
             All of the responses for this mesh tally
                             7.8275103E+03  3.1548561E+02

         11      1      1      2.6485000E+02  1.3089969E-01 -9.1440000E+00
         Family Photon Flux
             Photon Flux track-length estimate
              2.0000000E+07  1.8992038E+05  1.8511148E+05
              1.0000000E+07  3.4452590E+06  1.2700069E+06
              8.0000000E+06  5.6481079E+07  7.3713587E+06
              6.5000000E+06  6.7674575E+07  1.0405517E+07
              5.0000000E+06  8.3146664E+07  9.1023680E+06
              4.0000000E+06  1.2780497E+08  1.1940933E+07
              3.0000000E+06  1.1389265E+08  1.5207889E+07
              2.5000000E+06  2.4953012E+08  1.6862606E+07
              2.0000000E+06  1.9147844E+08  1.8761072E+07
              1.6600000E+06  1.1288151E+08  1.3814185E+07
              1.3300000E+06  1.4315949E+08  1.7158881E+07
              1.0000000E+06  9.5082726E+07  2.1368779E+07
              8.0000000E+05  1.6719372E+08  2.1255458E+07
              6.0000000E+05  2.8484341E+08  3.0686781E+07
              4.0000000E+05  1.9588783E+08  3.3811814E+07
              3.0000000E+05  4.3549643E+08  6.6488240E+07
              2.0000000E+05  9.2328561E+08  1.4191842E+08
              1.0000000E+05  5.9275517E+08  1.3624881E+08
              4.5000000E+04  0.0000000E+00  0.0000000E+00
              1.0000000E+04
         Family Responses
             All of the responses for this mesh tally
                             6.1334941E+03  2.7703084E+02

         12      1      1      2.6855000E+02  1.3089969E-01 -9.1440000E+00
         Family Photon Flux
             Photon Flux track-length estimate
              2.0000000E+07  3.3593700E+05  2.0923635E+05
              1.0000000E+07  3.7720537E+06  1.4130118E+06
              8.0000000E+06  4.9802958E+07  6.9152959E+06
              6.5000000E+06  4.9204448E+07  6.7814051E+06
              5.0000000E+06  7.2146503E+07  7.6838454E+06
              4.0000000E+06  8.6789930E+07  8.8813265E+06
              3.0000000E+06  7.5719119E+07  1.1718631E+07
              2.5000000E+06  2.1002488E+08  1.9503335E+07
              2.0000000E+06  1.6758458E+08  1.5228252E+07
              1.6600000E+06  9.2527046E+07  1.1341076E+07
              1.3300000E+06  1.3539174E+08  1.4603720E+07
              1.0000000E+06  7.8825857E+07  1.8213522E+07
              8.0000000E+05  1.3844837E+08  1.9049558E+07
              6.0000000E+05  1.8963378E+08  2.8460561E+07
              4.0000000E+05  1.7148976E+08  3.4809991E+07
              3.0000000E+05  3.3453014E+08  5.1217406E+07
              2.0000000E+05  6.3097370E+08  1.0840346E+08
              1.0000000E+05  4.6590865E+08  1.1593413E+08
              4.5000000E+04  0.0000000E+00  0.0000000E+00
              1.0000000E+04
         Family Responses
             All of the responses for this mesh tally
                             4.8708831E+03  2.2605620E+02

         13      1      1      2.7225000E+02  1.3089969E-01 -9.1440000E+00
         Family Photon Flux
             Photon Flux track-length estimate
              2.0000000E+07  1.6516767E+05  1.3994699E+05
              1.0000000E+07  1.4035851E+06  5.7207810E+05
              8.0000000E+06  3.4359876E+07  4.6727206E+06
              6.5000000E+06  3.7883026E+07  5.0697969E+06
              5.0000000E+06  6.2286051E+07  8.4874963E+06
              4.0000000E+06  6.8678816E+07  1.2066665E+07
              3.0000000E+06  6.2981393E+07  9.6101524E+06
              2.5000000E+06  1.5233148E+08  1.2196175E+07
              2.0000000E+06  1.4798707E+08  2.1215870E+07
              1.6600000E+06  7.6368853E+07  8.5660875E+06
              1.3300000E+06  1.0175593E+08  1.1245258E+07
              1.0000000E+06  7.9951589E+07  1.2108802E+07
              8.0000000E+05  8.0840483E+07  1.0980914E+07
              6.0000000E+05  1.7855297E+08  2.5128757E+07
              4.0000000E+05  1.4412468E+08  2.3366831E+07
              3.0000000E+05  2.2909180E+08  2.8834514E+07
              2.0000000E+05  4.3316597E+08  5.2974486E+07
              1.0000000E+05  3.8498412E+08  9.6139653E+07
              4.5000000E+04  0.0000000E+00  0.0000000E+00
              1.0000000E+04
         Family Responses
             All of the responses for this mesh tally
                             3.8185115E+03  1.7113576E+02

         14      1      1      2.7595000E+02  1.3089969E-01 -9.1440000E+00
         Family Photon Flux
             Photon Flux track-length estimate
              2.0000000E+07  1.3864691E+05  1.3513629E+05
              1.0000000E+07  7.2154587E+05  3.2476813E+05
              8.0000000E+06  2.6031626E+07  3.4293578E+06
              6.5000000E+06  2.7054052E+07  3.3938711E+06
              5.0000000E+06  4.0690785E+07  5.3074483E+06
              4.0000000E+06  6.2265003E+07  9.1573931E+06
              3.0000000E+06  4.7051913E+07  5.4970947E+06
              2.5000000E+06  1.2484603E+08  9.4273201E+06
              2.0000000E+06  1.1688348E+08  2.4173639E+07
              1.6600000E+06  5.0446840E+07  6.0235454E+06
              1.3300000E+06  7.1817932E+07  9.9299590E+06
              1.0000000E+06  6.5870810E+07  7.8491670E+06
              8.0000000E+05  5.7079925E+07  8.4950145E+06
              6.0000000E+05  1.4406372E+08  1.6159196E+07
              4.0000000E+05  9.6295023E+07  1.9814099E+07
              3.0000000E+05  1.6040670E+08  2.6008063E+07
              2.0000000E+05  3.3885902E+08  4.9607380E+07
              1.0000000E+05  2.5511171E+08  8.7758409E+07
              4.5000000E+04  2.0692395E+07  2.0168452E+07
              1.0000000E+04
         Family Responses
             All of the responses for this mesh tally
                             2.8965184E+03  1.3982646E+02

         15      1      1      2.7965000E+02  1.3089969E-01 -9.1440000E+00
         Family Photon Flux
             Photon Flux track-length estimate
              2.0000000E+07  1.2579116E+05  1.2260606E+05
              1.0000000E+07  1.5619997E+06  4.9363380E+05
              8.0000000E+06  2.2373724E+07  3.8778178E+06
              6.5000000E+06  2.5736578E+07  5.1313928E+06
              5.0000000E+06  3.3455945E+07  5.5763095E+06
              4.0000000E+06  4.8167104E+07  7.7322223E+06
              3.0000000E+06  4.3748827E+07  4.2300968E+06
              2.5000000E+06  9.7015618E+07  1.4361851E+07
              2.0000000E+06  6.9665764E+07  5.8496697E+06
              1.6600000E+06  3.9142018E+07  4.6004003E+06
              1.3300000E+06  4.5681739E+07  5.7231707E+06
              1.0000000E+06  5.1182310E+07  8.0333576E+06
              8.0000000E+05  5.2867315E+07  8.4437581E+06
              6.0000000E+05  1.2666880E+08  1.4400627E+07
              4.0000000E+05  8.1821004E+07  1.3653479E+07
              3.0000000E+05  1.5363621E+08  2.2896682E+07
              2.0000000E+05  2.8720273E+08  3.8536567E+07
              1.0000000E+05  1.3824267E+08  4.3977019E+07
              4.5000000E+04  0.0000000E+00  0.0000000E+00
              1.0000000E+04
         Family Responses
             All of the responses for this mesh tally
                             2.3124702E+03  1.2143578E+02

         16      1      1      2.8335000E+02  1.3089969E-01 -9.1440000E+00
         Family Photon Flux
             Photon Flux track-length estimate
              2.0000000E+07  3.3861765E+03  3.3004366E+03
              1.0000000E+07  1.4551127E+06  6.0872342E+05
              8.0000000E+06  1.9371107E+07  3.7442546E+06
              6.5000000E+06  2.2146986E+07  4.3201104E+06
              5.0000000E+06  2.4052246E+07  3.5700075E+06
              4.0000000E+06  3.4782874E+07  6.5586700E+06
              3.0000000E+06  3.3125199E+07  3.6172560E+06
              2.5000000E+06  6.8497047E+07  6.4816574E+06
              2.0000000E+06  5.2782838E+07  7.3062471E+06
              1.6600000E+06  3.9880115E+07  1.1147290E+07
              1.3300000E+06  4.4949641E+07  5.0645239E+06
              1.0000000E+06  3.2371433E+07  5.7358493E+06
              8.0000000E+05  4.1799883E+07  7.1897367E+06
              6.0000000E+05  1.1066693E+08  1.2997593E+07
              4.0000000E+05  7.8876203E+07  1.0997979E+07
              3.0000000E+05  1.3709208E+08  1.9997234E+07
              2.0000000E+05  2.2661615E+08  3.7007195E+07
              1.0000000E+05  7.5831053E+07  1.9036277E+07
              4.5000000E+04  0.0000000E+00  0.0000000E+00
              1.0000000E+04
         Family Responses
             All of the responses for this mesh tally
                             1.8354237E+03  1.3200446E+02

         17      1      1      2.8705000E+02  1.3089969E-01 -9.1440000E+00
         Family Photon Flux
             Photon Flux track-length estimate
              2.0000000E+07  0.0000000E+00  0.0000000E+00
              1.0000000E+07  1.0362784E+06  5.2786329E+05
              8.0000000E+06  1.2317082E+07  2.5757723E+06
              6.5000000E+06  1.7322964E+07  3.8477267E+06
              5.0000000E+06  1.8642471E+07  3.6934186E+06
              4.0000000E+06  2.9681377E+07  4.5827694E+06
              3.0000000E+06  2.8169888E+07  3.7616319E+06
              2.5000000E+06  4.9494631E+07  5.6715051E+06
              2.0000000E+06  4.3057212E+07  6.1000341E+06
              1.6600000E+06  2.6431522E+07  4.7595607E+06
              1.3300000E+06  3.3736271E+07  5.5677445E+06
              1.0000000E+06  2.8631547E+07  4.6678802E+06
              8.0000000E+05  3.0505910E+07  4.9715772E+06
              6.0000000E+05  6.4241452E+07  6.8345217E+06
              4.0000000E+05  6.3596422E+07  1.1465322E+07
              3.0000000E+05  1.0294596E+08  1.2640015E+07
              2.0000000E+05  1.6893355E+08  2.9924828E+07
              1.0000000E+05  7.9223876E+07  3.6268075E+07
              4.5000000E+04  0.0000000E+00  0.0000000E+00
              1.0000000E+04
         Family Responses
             All of the responses for this mesh tally
                             1.3817763E+03  9.6841010E+01

         18      1      1      2.9075000E+02  1.3089969E-01 -9.1440000E+00
         Family Photon Flux
             Photon Flux track-length estimate
              2.0000000E+07  0.0000000E+00  0.0000000E+00
              1.0000000E+07  1.0574611E+06  5.2862399E+05
              8.0000000E+06  7.7602121E+06  1.5568575E+06
              6.5000000E+06  1.7339249E+07  4.0140480E+06
              5.0000000E+06  1.4737795E+07  2.8413394E+06
              4.0000000E+06  2.1785124E+07  3.2762702E+06
              3.0000000E+06  1.9374257E+07  3.7228380E+06
              2.5000000E+06  3.5741692E+07  3.9436029E+06
              2.0000000E+06  3.5242000E+07  5.9438795E+06
              1.6600000E+06  2.1576875E+07  3.7472661E+06
              1.3300000E+06  2.3867095E+07  4.0817632E+06
              1.0000000E+06  2.3079952E+07  6.8351448E+06
              8.0000000E+05  2.6828450E+07  5.7708539E+06
              6.0000000E+05  5.4975242E+07  8.0170125E+06
              4.0000000E+05  4.3373674E+07  8.9769008E+06
              3.0000000E+05  6.7716959E+07  1.4094750E+07
              2.0000000E+05  1.0114710E+08  1.4915816E+07
              1.0000000E+05  5.4835853E+07  1.6083107E+07
              4.5000000E+04  0.0000000E+00  0.0000000E+00
              1.0000000E+04
         Family Responses
             All of the responses for this mesh tally
                             1.0493216E+03  9.4096909E+01

         19      1      1      2.9445000E+02  1.3089969E-01 -9.1440000E+00
         Family Photon Flux
             Photon Flux track-length estimate
              2.0000000E+07  0.0000000E+00  0.0000000E+00
              1.0000000E+07  7.5938155E+05  4.6266343E+05
              8.0000000E+06  5.6644744E+06  1.0245034E+06
              6.5000000E+06  1.4106249E+07  3.6478339E+06
              5.0000000E+06  9.9246568E+06  1.7330204E+06
              4.0000000E+06  1.4638651E+07  1.6402755E+06
              3.0000000E+06  1.2666805E+07  2.2305614E+06
              2.5000000E+06  3.2580676E+07  4.1069237E+06
              2.0000000E+06  1.7189542E+07  2.3803028E+06
              1.6600000E+06  1.6932040E+07  2.8845515E+06
              1.3300000E+06  1.7247940E+07  2.3292654E+06
              1.0000000E+06  1.6378577E+07  5.1315897E+06
              8.0000000E+05  1.7405272E+07  2.9998187E+06
              6.0000000E+05  3.8560832E+07  5.6438406E+06
              4.0000000E+05  3.4804230E+07  5.8316475E+06
              3.0000000E+05  4.7932067E+07  6.9291686E+06
              2.0000000E+05  7.8377456E+07  1.0518977E+07
              1.0000000E+05  2.8750695E+07  1.1130565E+07
              4.5000000E+04  0.0000000E+00  0.0000000E+00
              1.0000000E+04
         Family Responses
             All of the responses for this mesh tally
                             7.5494096E+02  6.3030935E+01

         20      1      1      2.9815000E+02  1.3089969E-01 -9.1440000E+00
         Family Photon Flux
             Photon Flux track-length estimate
              2.0000000E+07  0.0000000E+00  0.0000000E+00
              1.0000000E+07  9.5874677E+05  5.0651935E+05
              8.0000000E+06  6.1275077E+06  2.2762240E+06
              6.5000000E+06  1.2466161E+07  2.9974080E+06
              5.0000000E+06  8.8935544E+06  1.4717000E+06
              4.0000000E+06  1.1623485E+07  2.2196053E+06
              3.0000000E+06  1.0155641E+07  1.8127447E+06
              2.5000000E+06  2.7344585E+07  4.0489066E+06
              2.0000000E+06  1.3911557E+07  1.9865532E+06
              1.6600000E+06  1.2135907E+07  2.3313011E+06
              1.3300000E+06  1.1565233E+07  2.1755973E+06
              1.0000000E+06  1.1502232E+07  2.3400223E+06
              8.0000000E+05  1.0172238E+07  1.3249004E+06
              6.0000000E+05  3.8368662E+07  6.5118548E+06
              4.0000000E+05  2.0894387E+07  2.8405230E+06
              3.0000000E+05  4.9267099E+07  5.7824750E+06
              2.0000000E+05  9.0220090E+07  1.7335280E+07
              1.0000000E+05  2.9290316E+07  1.1165107E+07
              4.5000000E+04  0.0000000E+00  0.0000000E+00
              1.0000000E+04
         Family Responses
             All of the responses for this mesh tally
                             6.4029770E+02  5.1175771E+01


