 Values from hb2.mt1.3dmap

    Values by voxel
    ----------------------------------------------------------------------
          1      1      1      2.2785000E+02  1.3089969E-01 -9.1440000E+00
         Family Neutron Flux
             Neutron Flux track-length estimate
              1.7300000E+07  8.9588258E+05  8.7319832E+05
              1.4200000E+07  0.0000000E+00  0.0000000E+00
              1.2200000E+07  0.0000000E+00  0.0000000E+00
              1.0000000E+07  2.7685269E+06  2.3925597E+06
              8.6100000E+06  3.7337126E+06  2.1401955E+06
              7.4100000E+06  2.5686381E+07  6.9977643E+06
              6.0700000E+06  3.6439858E+07  6.4147415E+06
              4.9700000E+06  6.4288959E+07  1.3569810E+07
              3.6800000E+06  5.0249157E+07  6.5052119E+06
              3.0100000E+06  5.5418642E+07  1.1987788E+07
              2.7300000E+06  7.5333664E+07  1.4377776E+07
              2.4700000E+06  3.7896835E+07  7.7613501E+06
              2.3700000E+06  5.4048116E+06  2.4859655E+06
              2.3500000E+06  8.9350147E+07  2.7732701E+07
              2.2300000E+06  1.3847369E+08  1.5954557E+07
              1.9200000E+06  1.9035500E+08  2.8357186E+07
              1.6500000E+06  3.3382568E+08  3.3207919E+07
              1.3500000E+06  5.8202456E+08  6.4791844E+07
              1.0000000E+06  6.4673128E+08  5.3969769E+07
              8.2100000E+05  4.2464420E+08  4.1235118E+07
              7.4300000E+05  1.6127592E+09  8.6187980E+07
              6.0800000E+05  1.6823165E+09  1.1292083E+08
              4.9800000E+05  1.5058219E+09  1.0126035E+08
              3.6900000E+05  2.0755855E+09  1.4969958E+08
              2.9700000E+05  3.8997169E+09  1.9752992E+08
              1.8300000E+05  3.7307505E+09  1.9555763E+08
              1.1100000E+05  5.8344075E+08  4.0965633E+07
              1.0000000E+05  1.9044666E+09  1.2369508E+08
              6.7400000E+04  2.3187829E+09  2.0103227E+08
              4.0900000E+04  8.8858912E+08  8.9052885E+07
              3.1800000E+04  6.3990557E+08  8.3429824E+07
              2.6100000E+04  5.4357507E+08  9.7045693E+07
              2.4200000E+04  6.1811600E+08  8.2980948E+07
              2.1900000E+04  1.5961526E+09  1.2323492E+08
              1.5000000E+04  2.2876676E+09  1.9004264E+08
              7.1000000E+03  2.3033778E+09  1.2842943E+08
              3.3600000E+03  1.7927669E+09  1.6441315E+08
              1.5900000E+03  2.5773399E+09  1.5506746E+08
              4.5400000E+02  1.6432788E+09  1.1436516E+08
              2.1400000E+02  1.4585480E+09  1.2261034E+08
              1.0100000E+02  1.6898084E+09  1.3313878E+08
              3.7300000E+01  2.4019651E+09  1.5349296E+08
              1.0700000E+01  1.3235027E+09  1.0987218E+08
              5.0400000E+00  1.5792464E+09  1.0538015E+08
              1.8600000E+00  9.8763572E+08  9.8274574E+07
              8.7600000E-01  9.3660713E+08  8.5346814E+07
              4.1400000E-01  3.0151547E+09  1.4233424E+08
              1.0000000E-01  9.1476678E+09  2.9630860E+08
              1.0000000E-05
         Family Responses
             All of the responses for this mesh tally
                             1.7853912E+10  6.0287837E+08

          2      1      1      2.3155000E+02  1.3089969E-01 -9.1440000E+00
         Family Neutron Flux
             Neutron Flux track-length estimate
              1.7300000E+07  5.9352611E+05  5.7849769E+05
              1.4200000E+07  0.0000000E+00  0.0000000E+00
              1.2200000E+07  0.0000000E+00  0.0000000E+00
              1.0000000E+07  1.7629261E+06  1.3068433E+06
              8.6100000E+06  2.1081613E+06  1.2172559E+06
              7.4100000E+06  1.7441336E+07  4.4971057E+06
              6.0700000E+06  2.6088050E+07  6.1254539E+06
              4.9700000E+06  4.8666023E+07  8.7768303E+06
              3.6800000E+06  3.0398281E+07  4.1789916E+06
              3.0100000E+06  3.3134851E+07  6.8519418E+06
              2.7300000E+06  4.3189906E+07  5.4539988E+06
              2.4700000E+06  3.4132805E+07  8.2939762E+06
              2.3700000E+06  6.3134422E+06  2.4186200E+06
              2.3500000E+06  4.7336972E+07  6.9909135E+06
              2.2300000E+06  8.5983227E+07  9.3992371E+06
              1.9200000E+06  1.2066126E+08  1.4688705E+07
              1.6500000E+06  1.9999872E+08  2.7899075E+07
              1.3500000E+06  3.6799895E+08  3.8377503E+07
              1.0000000E+06  3.2186636E+08  4.2042402E+07
              8.2100000E+05  2.5704026E+08  2.6198823E+07
              7.4300000E+05  7.3570741E+08  5.2391069E+07
              6.0800000E+05  9.4852059E+08  5.3261388E+07
              4.9800000E+05  6.9521809E+08  4.4836212E+07
              3.6900000E+05  9.0489183E+08  5.6256863E+07
              2.9700000E+05  2.1290042E+09  1.0432708E+08
              1.8300000E+05  2.0619073E+09  1.2174534E+08
              1.1100000E+05  4.4005292E+08  4.6761402E+07
              1.0000000E+05  1.3751830E+09  9.9024190E+07
              6.7400000E+04  1.5721502E+09  1.2888694E+08
              4.0900000E+04  7.1782695E+08  7.8275012E+07
              3.1800000E+04  5.1276016E+08  6.1744277E+07
              2.6100000E+04  2.0192254E+08  2.1662088E+07
              2.4200000E+04  2.8019781E+08  2.8900411E+07
              2.1900000E+04  1.0488584E+09  6.8780175E+07
              1.5000000E+04  1.7904141E+09  1.6173088E+08
              7.1000000E+03  1.7069678E+09  1.0167096E+08
              3.3600000E+03  1.6958048E+09  1.1513993E+08
              1.5900000E+03  2.5794897E+09  1.5993570E+08
              4.5400000E+02  1.5920472E+09  1.4190190E+08
              2.1400000E+02  1.3424451E+09  9.7216136E+07
              1.0100000E+02  1.6487985E+09  1.3055723E+08
              3.7300000E+01  2.1917166E+09  1.4709616E+08
              1.0700000E+01  1.3424334E+09  1.1457280E+08
              5.0400000E+00  1.5003551E+09  9.9791311E+07
              1.8600000E+00  9.6062484E+08  7.3729260E+07
              8.7600000E-01  1.2789440E+09  7.9155318E+07
              4.1400000E-01  3.9316046E+09  1.8679921E+08
              1.0000000E-01  1.4109607E+10  3.7695971E+08
              1.0000000E-05
         Family Responses
             All of the responses for this mesh tally
                             9.5600174E+09  3.7808325E+08

          3      1      1      2.3525000E+02  1.3089969E-01 -9.1440000E+00
         Family Neutron Flux
             Neutron Flux track-length estimate
              1.7300000E+07  6.8804022E+05  6.7061865E+05
              1.4200000E+07  0.0000000E+00  0.0000000E+00
              1.2200000E+07  5.2487553E+05  5.1158538E+05
              1.0000000E+07  1.3019064E+06  9.5495145E+05
              8.6100000E+06  2.0838842E+06  1.3532027E+06
              7.4100000E+06  1.2686576E+07  4.0746283E+06
              6.0700000E+06  1.7010839E+07  3.9353268E+06
              4.9700000E+06  3.9040838E+07  6.3321818E+06
              3.6800000E+06  2.5489613E+07  3.1264922E+06
              3.0100000E+06  2.2306821E+07  3.8784730E+06
              2.7300000E+06  2.6452001E+07  3.1980331E+06
              2.4700000E+06  2.0037230E+07  3.4004698E+06
              2.3700000E+06  4.3317157E+06  1.3754376E+06
              2.3500000E+06  3.2102512E+07  5.3571017E+06
              2.2300000E+06  6.7822218E+07  6.1828882E+06
              1.9200000E+06  7.6623470E+07  8.0064177E+06
              1.6500000E+06  1.2526847E+08  1.5979121E+07
              1.3500000E+06  2.2054387E+08  2.1466830E+07
              1.0000000E+06  1.7063859E+08  1.4722908E+07
              8.2100000E+05  1.4739734E+08  1.5318063E+07
              7.4300000E+05  3.9867036E+08  2.8738859E+07
              6.0800000E+05  5.3859261E+08  3.0137900E+07
              4.9800000E+05  4.4535754E+08  2.2103917E+07
              3.6900000E+05  4.3144857E+08  2.9304065E+07
              2.9700000E+05  1.0928370E+09  7.4524663E+07
              1.8300000E+05  1.2275526E+09  8.7979644E+07
              1.1100000E+05  2.2561006E+08  2.6084564E+07
              1.0000000E+05  8.0042517E+08  6.8286070E+07
              6.7400000E+04  9.0264215E+08  6.7019274E+07
              4.0900000E+04  4.2251208E+08  4.2024802E+07
              3.1800000E+04  2.9220106E+08  2.0605675E+07
              2.6100000E+04  1.3730322E+08  1.7240397E+07
              2.4200000E+04  2.2361834E+08  2.1241492E+07
              2.1900000E+04  6.5759536E+08  4.9596327E+07
              1.5000000E+04  1.1760401E+09  6.9923407E+07
              7.1000000E+03  1.1482328E+09  9.4895085E+07
              3.3600000E+03  1.1508157E+09  6.1067550E+07
              1.5900000E+03  1.8674543E+09  1.1407439E+08
              4.5400000E+02  1.1130340E+09  6.9995898E+07
              2.1400000E+02  1.0799681E+09  5.5980363E+07
              1.0100000E+02  1.5305912E+09  9.8151616E+07
              3.7300000E+01  1.7772337E+09  9.8772984E+07
              1.0700000E+01  1.1504720E+09  9.0594801E+07
              5.0400000E+00  1.2803203E+09  9.0914362E+07
              1.8600000E+00  1.0374075E+09  4.9533882E+07
              8.7600000E-01  1.1470447E+09  7.2551434E+07
              4.1400000E-01  4.1413467E+09  1.5785752E+08
              1.0000000E-01  1.6496120E+10  4.1226883E+08
              1.0000000E-05
         Family Responses
             All of the responses for this mesh tally
                             5.3724196E+09  2.4225950E+08

          4      1      1      2.3895000E+02  1.3089969E-01 -9.1440000E+00
         Family Neutron Flux
             Neutron Flux track-length estimate
              1.7300000E+07  6.4946023E+05  6.3301553E+05
              1.4200000E+07  0.0000000E+00  0.0000000E+00
              1.2200000E+07  3.3582802E+05  3.2732467E+05
              1.0000000E+07  1.1192960E+06  7.5934713E+05
              8.6100000E+06  1.6385683E+06  9.3223423E+05
              7.4100000E+06  9.4488867E+06  2.6283098E+06
              6.0700000E+06  1.0679857E+07  2.2269082E+06
              4.9700000E+06  3.0644902E+07  5.5046316E+06
              3.6800000E+06  1.7260926E+07  2.4506594E+06
              3.0100000E+06  1.8787496E+07  3.3191202E+06
              2.7300000E+06  1.7881874E+07  2.7917385E+06
              2.4700000E+06  1.1071949E+07  2.4897419E+06
              2.3700000E+06  4.8565664E+06  1.4995672E+06
              2.3500000E+06  2.4681986E+07  4.3489979E+06
              2.2300000E+06  4.8134843E+07  5.9029141E+06
              1.9200000E+06  5.5652118E+07  6.1157180E+06
              1.6500000E+06  8.3102598E+07  8.5942232E+06
              1.3500000E+06  1.4469793E+08  1.6025186E+07
              1.0000000E+06  8.9075618E+07  7.9334907E+06
              8.2100000E+05  8.9897977E+07  8.9952454E+06
              7.4300000E+05  2.3544399E+08  2.0218991E+07
              6.0800000E+05  2.8332805E+08  2.2106616E+07
              4.9800000E+05  2.3435910E+08  1.5830766E+07
              3.6900000E+05  2.2127285E+08  1.7225323E+07
              2.9700000E+05  5.9820319E+08  4.0937606E+07
              1.8300000E+05  6.7009314E+08  3.8330547E+07
              1.1100000E+05  1.3245558E+08  1.4106334E+07
              1.0000000E+05  4.7776257E+08  4.3027077E+07
              6.7400000E+04  5.5993628E+08  4.5879603E+07
              4.0900000E+04  2.9694690E+08  3.1131403E+07
              3.1800000E+04  1.8569357E+08  1.5411107E+07
              2.6100000E+04  6.3406941E+07  9.4416101E+06
              2.4200000E+04  1.2081419E+08  1.7383661E+07
              2.1900000E+04  3.4598415E+08  3.2559555E+07
              1.5000000E+04  8.0341104E+08  5.8554859E+07
              7.1000000E+03  7.8344351E+08  7.2406410E+07
              3.3600000E+03  8.1609009E+08  6.9167132E+07
              1.5900000E+03  1.3569651E+09  9.0283625E+07
              4.5400000E+02  8.1842530E+08  7.2073728E+07
              2.1400000E+02  7.2147202E+08  5.6456777E+07
              1.0100000E+02  1.1118453E+09  9.2096506E+07
              3.7300000E+01  1.3464077E+09  9.4679336E+07
              1.0700000E+01  8.2129225E+08  6.2032084E+07
              5.0400000E+00  1.1870481E+09  7.6020475E+07
              1.8600000E+00  9.5073500E+08  6.0184459E+07
              8.7600000E-01  9.7653192E+08  7.9393304E+07
              4.1400000E-01  3.7071607E+09  1.9001834E+08
              1.0000000E-01  1.5854007E+10  4.8388580E+08
              1.0000000E-05
         Family Responses
             All of the responses for this mesh tally
                             3.0347746E+09  1.3403258E+08

          5      1      1      2.4265000E+02  1.3089969E-01 -9.1440000E+00
         Family Neutron Flux
             Neutron Flux track-length estimate
              1.7300000E+07  3.1776599E+05  3.0971998E+05
              1.4200000E+07  0.0000000E+00  0.0000000E+00
              1.2200000E+07  3.3060101E+05  3.2223001E+05
              1.0000000E+07  2.8333281E+04  2.7615866E+04
              8.6100000E+06  1.3665456E+06  7.5833234E+05
              7.4100000E+06  5.6402996E+06  1.7692657E+06
              6.0700000E+06  9.6905506E+06  2.1927294E+06
              4.9700000E+06  1.9465816E+07  3.2701669E+06
              3.6800000E+06  9.6805792E+06  1.5996167E+06
              3.0100000E+06  1.0597283E+07  2.1620634E+06
              2.7300000E+06  1.4727055E+07  1.9514957E+06
              2.4700000E+06  1.1710016E+07  2.2972529E+06
              2.3700000E+06  3.4556429E+06  1.3419859E+06
              2.3500000E+06  1.9614945E+07  3.6919320E+06
              2.2300000E+06  3.6155721E+07  3.3603421E+06
              1.9200000E+06  3.8587411E+07  4.2739362E+06
              1.6500000E+06  5.2644708E+07  4.6734908E+06
              1.3500000E+06  8.5144254E+07  8.6783538E+06
              1.0000000E+06  5.5514319E+07  5.9830012E+06
              8.2100000E+05  5.4929538E+07  6.0307092E+06
              7.4300000E+05  1.4952939E+08  1.1906622E+07
              6.0800000E+05  1.5801810E+08  1.1827079E+07
              4.9800000E+05  1.3208816E+08  1.1284104E+07
              3.6900000E+05  1.3208100E+08  1.1375539E+07
              2.9700000E+05  3.2566677E+08  2.4021561E+07
              1.8300000E+05  3.8122204E+08  2.4105644E+07
              1.1100000E+05  7.6103198E+07  8.3541993E+06
              1.0000000E+05  2.7226735E+08  2.5339402E+07
              6.7400000E+04  3.4762102E+08  3.3136861E+07
              4.0900000E+04  1.6879527E+08  1.6200905E+07
              3.1800000E+04  1.2100723E+08  1.7336896E+07
              2.6100000E+04  4.6242099E+07  9.4988493E+06
              2.4200000E+04  5.8466800E+07  1.2415228E+07
              2.1900000E+04  2.3498966E+08  2.4662303E+07
              1.5000000E+04  4.8306897E+08  3.0228088E+07
              7.1000000E+03  4.7648288E+08  3.9752540E+07
              3.3600000E+03  5.2680586E+08  5.2401901E+07
              1.5900000E+03  9.6780985E+08  6.4142304E+07
              4.5400000E+02  5.6822103E+08  4.0202705E+07
              2.1400000E+02  4.7789794E+08  3.9341130E+07
              1.0100000E+02  8.1254931E+08  3.9312543E+07
              3.7300000E+01  1.0246516E+09  6.4794722E+07
              1.0700000E+01  6.2538945E+08  4.4492891E+07
              5.0400000E+00  8.7245192E+08  5.1874678E+07
              1.8600000E+00  6.5671034E+08  5.4352903E+07
              8.7600000E-01  7.2510251E+08  5.5433272E+07
              4.1400000E-01  3.1352492E+09  1.2082290E+08
              1.0000000E-01  1.4324231E+10  5.0231727E+08
              1.0000000E-05
         Family Responses
             All of the responses for this mesh tally
                             1.7843100E+09  8.8610995E+07

          6      1      1      2.4635000E+02  1.3089969E-01 -9.1440000E+00
         Family Neutron Flux
             Neutron Flux track-length estimate
              1.7300000E+07  2.3670703E+05  2.3071348E+05
              1.4200000E+07  0.0000000E+00  0.0000000E+00
              1.2200000E+07  3.7802574E+05  3.6845392E+05
              1.0000000E+07  6.1025222E+04  5.9480029E+04
              8.6100000E+06  1.2409553E+06  7.0157124E+05
              7.4100000E+06  3.9865371E+06  1.1640186E+06
              6.0700000E+06  8.6008164E+06  1.7469801E+06
              4.9700000E+06  1.3669755E+07  1.8695142E+06
              3.6800000E+06  6.1332428E+06  1.0987980E+06
              3.0100000E+06  8.1863714E+06  1.5507554E+06
              2.7300000E+06  9.3010323E+06  1.1963451E+06
              2.4700000E+06  9.7405081E+06  1.6920036E+06
              2.3700000E+06  2.7660013E+06  1.1646542E+06
              2.3500000E+06  1.5169563E+07  2.7855647E+06
              2.2300000E+06  2.4758899E+07  3.1285924E+06
              1.9200000E+06  2.3421965E+07  2.4314989E+06
              1.6500000E+06  3.6871744E+07  3.1025584E+06
              1.3500000E+06  5.1552478E+07  4.7953251E+06
              1.0000000E+06  3.8479337E+07  4.3549019E+06
              8.2100000E+05  3.4021060E+07  3.1576590E+06
              7.4300000E+05  8.0393589E+07  5.6206093E+06
              6.0800000E+05  1.0442313E+08  7.2150575E+06
              4.9800000E+05  8.3879282E+07  5.5262784E+06
              3.6900000E+05  7.4143641E+07  6.9080988E+06
              2.9700000E+05  1.9825757E+08  1.5929839E+07
              1.8300000E+05  2.0868202E+08  1.4390278E+07
              1.1100000E+05  4.1148300E+07  6.4803203E+06
              1.0000000E+05  1.5795211E+08  1.8194374E+07
              6.7400000E+04  2.0487942E+08  1.3548381E+07
              4.0900000E+04  9.8234085E+07  1.6666009E+07
              3.1800000E+04  8.4574414E+07  1.1090007E+07
              2.6100000E+04  3.0870723E+07  5.7576550E+06
              2.4200000E+04  2.6282194E+07  4.8491179E+06
              2.1900000E+04  1.2296636E+08  2.0826069E+07
              1.5000000E+04  2.6915199E+08  2.9280055E+07
              7.1000000E+03  2.8644115E+08  3.0399673E+07
              3.3600000E+03  2.7619557E+08  3.6542906E+07
              1.5900000E+03  5.4633284E+08  4.0133644E+07
              4.5400000E+02  3.0895701E+08  2.8973437E+07
              2.1400000E+02  3.3208956E+08  4.6693385E+07
              1.0100000E+02  5.5991633E+08  5.7824975E+07
              3.7300000E+01  7.9032218E+08  5.6762385E+07
              1.0700000E+01  4.0944478E+08  3.8548339E+07
              5.0400000E+00  5.5949454E+08  3.4615460E+07
              1.8600000E+00  5.6369947E+08  4.5894885E+07
              8.7600000E-01  5.6384153E+08  3.9567445E+07
              4.1400000E-01  2.5624092E+09  1.0705091E+08
              1.0000000E-01  1.2274596E+10  4.1165145E+08
              1.0000000E-05
         Family Responses
             All of the responses for this mesh tally
                             1.0795036E+09  4.6298259E+07

          7      1      1      2.5005000E+02  1.3089969E-01 -9.1440000E+00
         Family Neutron Flux
             Neutron Flux track-length estimate
              1.7300000E+07  8.2368743E+04  8.0283120E+04
              1.4200000E+07  0.0000000E+00  0.0000000E+00
              1.2200000E+07  1.6031244E+05  1.5625324E+05
              1.0000000E+07  6.0066820E+04  5.8545894E+04
              8.6100000E+06  6.3960394E+05  3.3408626E+05
              7.4100000E+06  3.3466762E+06  1.0186573E+06
              6.0700000E+06  5.3739036E+06  1.5370643E+06
              4.9700000E+06  6.8451771E+06  1.1220129E+06
              3.6800000E+06  4.7753110E+06  7.1827592E+05
              3.0100000E+06  6.2115438E+06  1.4508337E+06
              2.7300000E+06  6.8246821E+06  9.6915657E+05
              2.4700000E+06  8.5704314E+06  1.3579619E+06
              2.3700000E+06  1.6711262E+06  5.7077573E+05
              2.3500000E+06  1.0713669E+07  1.9945225E+06
              2.2300000E+06  1.8026393E+07  2.3238180E+06
              1.9200000E+06  1.6899967E+07  2.2817051E+06
              1.6500000E+06  3.0108357E+07  2.8935873E+06
              1.3500000E+06  2.9922362E+07  2.9187159E+06
              1.0000000E+06  2.0030949E+07  3.2915980E+06
              8.2100000E+05  1.5828414E+07  2.0995764E+06
              7.4300000E+05  4.8082513E+07  3.5858641E+06
              6.0800000E+05  5.6366439E+07  3.6282234E+06
              4.9800000E+05  4.6921774E+07  3.3422160E+06
              3.6900000E+05  3.7987144E+07  4.1137946E+06
              2.9700000E+05  1.0116710E+08  9.6394632E+06
              1.8300000E+05  1.1144870E+08  7.3312552E+06
              1.1100000E+05  2.2339329E+07  3.2474809E+06
              1.0000000E+05  1.0888677E+08  1.8636986E+07
              6.7400000E+04  1.1687612E+08  1.8191010E+07
              4.0900000E+04  5.6228247E+07  9.1803640E+06
              3.1800000E+04  5.0991180E+07  8.6815009E+06
              2.6100000E+04  2.0604632E+07  6.0574649E+06
              2.4200000E+04  1.6970914E+07  4.2856821E+06
              2.1900000E+04  7.2865793E+07  9.9686590E+06
              1.5000000E+04  1.7385309E+08  1.6197017E+07
              7.1000000E+03  1.8136802E+08  1.5417783E+07
              3.3600000E+03  1.6576910E+08  1.1600923E+07
              1.5900000E+03  3.6966687E+08  3.5581518E+07
              4.5400000E+02  2.1191511E+08  1.9201575E+07
              2.1400000E+02  2.2796427E+08  2.2641631E+07
              1.0100000E+02  3.9068854E+08  2.8356474E+07
              3.7300000E+01  5.4876278E+08  4.4153563E+07
              1.0700000E+01  2.8440656E+08  2.1701178E+07
              5.0400000E+00  3.6471045E+08  3.4219569E+07
              1.8600000E+00  3.2656113E+08  4.1747732E+07
              8.7600000E-01  2.8640634E+08  2.2755672E+07
              4.1400000E-01  1.9520802E+09  8.8222691E+07
              1.0000000E-01  1.0468857E+10  4.0372444E+08
              1.0000000E-05
         Family Responses
             All of the responses for this mesh tally
                             6.1040431E+08  2.8136355E+07

          8      1      1      2.5375000E+02  1.3089969E-01 -9.1440000E+00
         Family Neutron Flux
             Neutron Flux track-length estimate
              1.7300000E+07  0.0000000E+00  0.0000000E+00
              1.4200000E+07  0.0000000E+00  0.0000000E+00
              1.2200000E+07  1.5793064E+05  1.5393175E+05
              1.0000000E+07  5.7601318E+04  5.6142821E+04
              8.6100000E+06  7.5437969E+05  4.5025571E+05
              7.4100000E+06  2.3265557E+06  6.9639347E+05
              6.0700000E+06  4.3882683E+06  1.0936906E+06
              4.9700000E+06  4.5998824E+06  6.5316647E+05
              3.6800000E+06  3.3529930E+06  3.5940397E+05
              3.0100000E+06  3.2222900E+06  8.2188872E+05
              2.7300000E+06  5.6213877E+06  8.9319902E+05
              2.4700000E+06  4.7971851E+06  8.3838244E+05
              2.3700000E+06  2.2005005E+06  4.9781618E+05
              2.3500000E+06  8.3316721E+06  1.5647139E+06
              2.2300000E+06  1.1798619E+07  1.3299736E+06
              1.9200000E+06  1.2602524E+07  1.1440762E+06
              1.6500000E+06  2.0036394E+07  1.8437843E+06
              1.3500000E+06  1.7854943E+07  1.9923654E+06
              1.0000000E+06  1.1143048E+07  2.3964263E+06
              8.2100000E+05  9.3756878E+06  1.4452312E+06
              7.4300000E+05  2.8493864E+07  2.4202024E+06
              6.0800000E+05  2.7185878E+07  2.7011595E+06
              4.9800000E+05  2.8719483E+07  2.0835321E+06
              3.6900000E+05  2.2409253E+07  1.9982357E+06
              2.9700000E+05  6.6347615E+07  6.0805517E+06
              1.8300000E+05  6.8726845E+07  3.8880192E+06
              1.1100000E+05  1.4025420E+07  5.1226048E+06
              1.0000000E+05  5.7077261E+07  9.9435231E+06
              6.7400000E+04  5.4168309E+07  1.1270104E+07
              4.0900000E+04  3.8260818E+07  1.1216282E+07
              3.1800000E+04  4.3406907E+07  8.7859567E+06
              2.6100000E+04  1.4141237E+07  4.9158340E+06
              2.4200000E+04  9.6424087E+06  3.4526254E+06
              2.1900000E+04  5.7749367E+07  1.0388699E+07
              1.5000000E+04  8.7652714E+07  1.1886295E+07
              7.1000000E+03  9.7309426E+07  1.4937993E+07
              3.3600000E+03  9.0661323E+07  1.2838831E+07
              1.5900000E+03  1.9277582E+08  1.6862949E+07
              4.5400000E+02  1.5408723E+08  1.6726885E+07
              2.1400000E+02  1.5809893E+08  2.1750476E+07
              1.0100000E+02  2.2618939E+08  2.0899750E+07
              3.7300000E+01  3.1197323E+08  3.6851951E+07
              1.0700000E+01  1.9092828E+08  2.2253843E+07
              5.0400000E+00  2.7237089E+08  2.4720189E+07
              1.8600000E+00  1.9775676E+08  1.6033701E+07
              8.7600000E-01  2.0410914E+08  2.4792979E+07
              4.1400000E-01  1.4566286E+09  8.3684215E+07
              1.0000000E-01  8.4000581E+09  3.6050923E+08
              1.0000000E-05
         Family Responses
             All of the responses for this mesh tally
                             3.7853022E+08  1.8051917E+07

          9      1      1      2.5745000E+02  1.3089969E-01 -9.1440000E+00
         Family Neutron Flux
             Neutron Flux track-length estimate
              1.7300000E+07  0.0000000E+00  0.0000000E+00
              1.4200000E+07  0.0000000E+00  0.0000000E+00
              1.2200000E+07  1.4391941E+05  1.4027529E+05
              1.0000000E+07  1.6732607E+04  1.4183659E+04
              8.6100000E+06  1.6504777E+05  9.5718755E+04
              7.4100000E+06  1.6631969E+06  4.7385615E+05
              6.0700000E+06  2.8930178E+06  5.9037575E+05
              4.9700000E+06  3.4118288E+06  6.3790180E+05
              3.6800000E+06  2.4298021E+06  4.2230648E+05
              3.0100000E+06  2.9039668E+06  6.7402973E+05
              2.7300000E+06  3.5992484E+06  6.0129801E+05
              2.4700000E+06  4.2640360E+06  6.9623495E+05
              2.3700000E+06  1.6912813E+06  4.1193899E+05
              2.3500000E+06  6.7272171E+06  1.2871133E+06
              2.2300000E+06  8.2499802E+06  7.8626337E+05
              1.9200000E+06  8.5622150E+06  1.1243429E+06
              1.6500000E+06  1.4259985E+07  1.3639006E+06
              1.3500000E+06  1.4442037E+07  1.6880503E+06
              1.0000000E+06  8.4036431E+06  1.4095765E+06
              8.2100000E+05  7.1419150E+06  8.9584545E+05
              7.4300000E+05  1.8495190E+07  1.7810181E+06
              6.0800000E+05  1.8559420E+07  1.8224337E+06
              4.9800000E+05  1.4823523E+07  1.7246211E+06
              3.6900000E+05  1.1975748E+07  1.8198654E+06
              2.9700000E+05  3.4803960E+07  3.4414250E+06
              1.8300000E+05  3.9829983E+07  2.5097306E+06
              1.1100000E+05  1.2562953E+07  2.5706464E+06
              1.0000000E+05  2.6604463E+07  5.7249920E+06
              6.7400000E+04  2.2354959E+07  4.2564449E+06
              4.0900000E+04  1.4967037E+07  4.2134433E+06
              3.1800000E+04  1.5293267E+07  4.1852198E+06
              2.6100000E+04  6.3685579E+06  2.3045411E+06
              2.4200000E+04  6.8593126E+06  2.4615276E+06
              2.1900000E+04  2.3617277E+07  6.0572634E+06
              1.5000000E+04  5.5490320E+07  1.1656952E+07
              7.1000000E+03  5.5355042E+07  8.8628626E+06
              3.3600000E+03  4.8297883E+07  8.5293687E+06
              1.5900000E+03  1.1667788E+08  1.5015291E+07
              4.5400000E+02  1.0905770E+08  1.1899237E+07
              2.1400000E+02  8.5138694E+07  1.3514782E+07
              1.0100000E+02  1.1452949E+08  1.3767342E+07
              3.7300000E+01  1.8906418E+08  2.0235714E+07
              1.0700000E+01  1.2928856E+08  1.1500414E+07
              5.0400000E+00  2.0923058E+08  1.8455421E+07
              1.8600000E+00  1.3513519E+08  1.3545989E+07
              8.7600000E-01  1.4863093E+08  1.3302818E+07
              4.1400000E-01  1.2195908E+09  6.3311780E+07
              1.0000000E-01  6.8955834E+09  2.7021022E+08
              1.0000000E-05
         Family Responses
             All of the responses for this mesh tally
                             2.4201985E+08  1.1792041E+07

         10      1      1      2.6115000E+02  1.3089969E-01 -9.1440000E+00
         Family Neutron Flux
             Neutron Flux track-length estimate
              1.7300000E+07  0.0000000E+00  0.0000000E+00
              1.4200000E+07  0.0000000E+00  0.0000000E+00
              1.2200000E+07  1.3977154E+05  1.3623245E+05
              1.0000000E+07  2.2013892E+04  2.1456487E+04
              8.6100000E+06  6.1899401E+04  6.0332073E+04
              7.4100000E+06  1.1255305E+06  3.7120190E+05
              6.0700000E+06  1.6935604E+06  3.6918788E+05
              4.9700000E+06  1.9871149E+06  3.2102492E+05
              3.6800000E+06  2.4494274E+06  4.2299412E+05
              3.0100000E+06  2.1827612E+06  5.5437473E+05
              2.7300000E+06  2.7835182E+06  5.3554228E+05
              2.4700000E+06  2.9375025E+06  5.7445464E+05
              2.3700000E+06  1.1341909E+06  3.2188441E+05
              2.3500000E+06  4.3362109E+06  8.3633097E+05
              2.2300000E+06  7.1081953E+06  8.6114147E+05
              1.9200000E+06  6.0807226E+06  7.5367663E+05
              1.6500000E+06  1.0022871E+07  9.9214602E+05
              1.3500000E+06  9.4134676E+06  1.3924074E+06
              1.0000000E+06  5.4651239E+06  7.0864767E+05
              8.2100000E+05  4.9908703E+06  6.7766041E+05
              7.4300000E+05  1.2195804E+07  1.4443099E+06
              6.0800000E+05  1.1926245E+07  1.1639373E+06
              4.9800000E+05  1.0430938E+07  1.1203210E+06
              3.6900000E+05  8.5206231E+06  6.9644680E+05
              2.9700000E+05  2.0965801E+07  2.5498810E+06
              1.8300000E+05  2.2808432E+07  2.2315097E+06
              1.1100000E+05  4.5227987E+06  1.2921949E+06
              1.0000000E+05  1.7801948E+07  3.9678768E+06
              6.7400000E+04  1.7606601E+07  3.9104230E+06
              4.0900000E+04  9.1058218E+06  2.5501142E+06
              3.1800000E+04  8.7072402E+06  3.4536104E+06
              2.6100000E+04  2.7695858E+06  9.0388295E+05
              2.4200000E+04  5.1938428E+06  2.2130948E+06
              2.1900000E+04  1.7212130E+07  4.1687921E+06
              1.5000000E+04  3.2957333E+07  4.8361775E+06
              7.1000000E+03  4.5326224E+07  8.7033913E+06
              3.3600000E+03  4.0981981E+07  7.8118544E+06
              1.5900000E+03  5.6510944E+07  7.9969059E+06
              4.5400000E+02  5.6243122E+07  7.0727259E+06
              2.1400000E+02  4.1812411E+07  5.5457669E+06
              1.0100000E+02  8.1401019E+07  1.2715219E+07
              3.7300000E+01  1.0860699E+08  1.3088625E+07
              1.0700000E+01  9.3627646E+07  1.2989825E+07
              5.0400000E+00  1.2919804E+08  1.0990760E+07
              1.8600000E+00  9.6516858E+07  1.3887245E+07
              8.7600000E-01  9.2234257E+07  1.1439322E+07
              4.1400000E-01  8.1294660E+08  3.7638295E+07
              1.0000000E-01  5.1699462E+09  1.7421390E+08
              1.0000000E-05
         Family Responses
             All of the responses for this mesh tally
                             1.5530539E+08  8.2249650E+06

         11      1      1      2.6485000E+02  1.3089969E-01 -9.1440000E+00
         Family Neutron Flux
             Neutron Flux track-length estimate
              1.7300000E+07  0.0000000E+00  0.0000000E+00
              1.4200000E+07  0.0000000E+00  0.0000000E+00
              1.2200000E+07  9.9288353E+04  9.6774315E+04
              1.0000000E+07  0.0000000E+00  0.0000000E+00
              8.6100000E+06  1.7706460E+04  1.3391434E+04
              7.4100000E+06  1.1079948E+06  2.9157994E+05
              6.0700000E+06  1.3632904E+06  3.5614944E+05
              4.9700000E+06  1.6515763E+06  3.6856692E+05
              3.6800000E+06  1.2638605E+06  2.9957858E+05
              3.0100000E+06  1.6232889E+06  3.7386103E+05
              2.7300000E+06  2.1715671E+06  3.4127226E+05
              2.4700000E+06  1.9138076E+06  3.2318022E+05
              2.3700000E+06  8.4347707E+05  2.6770262E+05
              2.3500000E+06  3.6144585E+06  7.9176887E+05
              2.2300000E+06  5.3648369E+06  7.6826126E+05
              1.9200000E+06  4.8376095E+06  6.0040883E+05
              1.6500000E+06  7.5374065E+06  8.0935924E+05
              1.3500000E+06  6.7057612E+06  9.5562800E+05
              1.0000000E+06  3.6565086E+06  5.0801520E+05
              8.2100000E+05  3.5392610E+06  5.4872871E+05
              7.4300000E+05  5.1062177E+06  4.8838035E+05
              6.0800000E+05  8.6664717E+06  9.8885199E+05
              4.9800000E+05  7.2116163E+06  7.4360937E+05
              3.6900000E+05  5.3421524E+06  5.7872808E+05
              2.9700000E+05  1.1708061E+07  1.2318094E+06
              1.8300000E+05  1.3852746E+07  1.0683286E+06
              1.1100000E+05  8.5996847E+05  4.0910962E+05
              1.0000000E+05  9.5579467E+06  3.1778607E+06
              6.7400000E+04  1.2127917E+07  3.0301892E+06
              4.0900000E+04  6.1997913E+06  1.9631922E+06
              3.1800000E+04  5.5643218E+06  2.0999404E+06
              2.6100000E+04  1.3944808E+06  6.2733967E+05
              2.4200000E+04  1.8818072E+06  8.8561191E+05
              2.1900000E+04  9.9228578E+06  2.6479619E+06
              1.5000000E+04  1.5573192E+07  2.8281721E+06
              7.1000000E+03  1.8635087E+07  3.5891079E+06
              3.3600000E+03  2.6133808E+07  4.6466118E+06
              1.5900000E+03  2.3225905E+07  4.0867082E+06
              4.5400000E+02  4.2271590E+07  6.1103670E+06
              2.1400000E+02  2.3067321E+07  4.7491473E+06
              1.0100000E+02  4.0370392E+07  7.3498273E+06
              3.7300000E+01  6.0619112E+07  9.4950279E+06
              1.0700000E+01  5.6519922E+07  1.0225080E+07
              5.0400000E+00  8.2674433E+07  1.2015263E+07
              1.8600000E+00  5.2565880E+07  9.3360187E+06
              8.7600000E-01  6.0487616E+07  9.3460017E+06
              4.1400000E-01  6.4749599E+08  3.7453659E+07
              1.0000000E-01  3.8717068E+09  1.6642089E+08
              1.0000000E-05
         Family Responses
             All of the responses for this mesh tally
                             1.0005893E+08  5.6579572E+06

         12      1      1      2.6855000E+02  1.3089969E-01 -9.1440000E+00
         Family Neutron Flux
             Neutron Flux track-length estimate
              1.7300000E+07  0.0000000E+00  0.0000000E+00
              1.4200000E+07  0.0000000E+00  0.0000000E+00
              1.2200000E+07  6.7132258E+04  6.5432431E+04
              1.0000000E+07  1.0220836E+03  9.9620382E+02
              8.6100000E+06  4.8846892E+04  3.4713387E+04
              7.4100000E+06  9.6353313E+05  2.5418115E+05
              6.0700000E+06  9.9980435E+05  3.2264669E+05
              4.9700000E+06  1.2681908E+06  2.7491125E+05
              3.6800000E+06  7.4528383E+05  1.6090270E+05
              3.0100000E+06  1.0413572E+06  1.6136372E+05
              2.7300000E+06  1.3144169E+06  2.5744836E+05
              2.4700000E+06  1.7087139E+06  2.9839602E+05
              2.3700000E+06  7.6210691E+05  2.3258914E+05
              2.3500000E+06  2.6954864E+06  6.0656420E+05
              2.2300000E+06  3.9480934E+06  4.1678138E+05
              1.9200000E+06  3.6960858E+06  4.3063438E+05
              1.6500000E+06  4.5409690E+06  5.5942395E+05
              1.3500000E+06  4.4917950E+06  4.4566651E+05
              1.0000000E+06  2.7526334E+06  2.4892416E+05
              8.2100000E+05  2.2384444E+06  2.6157835E+05
              7.4300000E+05  4.6497061E+06  6.1501070E+05
              6.0800000E+05  3.8089825E+06  6.1826054E+05
              4.9800000E+05  3.6468277E+06  4.9333158E+05
              3.6900000E+05  3.6336428E+06  5.7865562E+05
              2.9700000E+05  8.0124481E+06  8.4776623E+05
              1.8300000E+05  9.4939793E+06  1.3778048E+06
              1.1100000E+05  1.0467299E+06  5.3046402E+05
              1.0000000E+05  7.4314832E+06  2.4471594E+06
              6.7400000E+04  6.8456580E+06  2.3162645E+06
              4.0900000E+04  3.5669198E+06  1.2128492E+06
              3.1800000E+04  3.5173267E+06  1.4158658E+06
              2.6100000E+04  2.0584849E+06  9.9372930E+05
              2.4200000E+04  1.3533224E+06  8.1842841E+05
              2.1900000E+04  4.6129350E+06  1.4289243E+06
              1.5000000E+04  8.1610610E+06  3.2630438E+06
              7.1000000E+03  9.9753157E+06  4.2722857E+06
              3.3600000E+03  1.3129890E+07  4.5971881E+06
              1.5900000E+03  2.5156384E+07  8.8659647E+06
              4.5400000E+02  1.6428243E+07  4.4143851E+06
              2.1400000E+02  1.9655655E+07  7.3388156E+06
              1.0100000E+02  3.0937587E+07  6.8452590E+06
              3.7300000E+01  3.7890051E+07  6.3070516E+06
              1.0700000E+01  3.4672946E+07  6.5360718E+06
              5.0400000E+00  3.7363039E+07  5.5284087E+06
              1.8600000E+00  4.5338585E+07  8.4546126E+06
              8.7600000E-01  3.6638011E+07  6.8794429E+06
              4.1400000E-01  4.2795287E+08  2.5872345E+07
              1.0000000E-01  2.7938948E+09  1.1273955E+08
              1.0000000E-05
         Family Responses
             All of the responses for this mesh tally
                             6.7576232E+07  5.2759382E+06

         13      1      1      2.7225000E+02  1.3089969E-01 -9.1440000E+00
         Family Neutron Flux
             Neutron Flux track-length estimate
              1.7300000E+07  0.0000000E+00  0.0000000E+00
              1.4200000E+07  0.0000000E+00  0.0000000E+00
              1.2200000E+07  4.6128872E+04  4.4960863E+04
              1.0000000E+07  5.4633144E+03  5.3249802E+03
              8.6100000E+06  3.1586717E+04  3.0786923E+04
              7.4100000E+06  5.7371825E+05  1.8265216E+05
              6.0700000E+06  5.3922240E+05  1.3660747E+05
              4.9700000E+06  1.0101120E+06  2.0935373E+05
              3.6800000E+06  6.7777553E+05  1.2662219E+05
              3.0100000E+06  9.0977159E+05  1.4208255E+05
              2.7300000E+06  9.3782006E+05  1.7583674E+05
              2.4700000E+06  1.1502826E+06  2.4601108E+05
              2.3700000E+06  8.1915138E+05  2.3743740E+05
              2.3500000E+06  2.3132574E+06  3.6765513E+05
              2.2300000E+06  2.6981357E+06  3.4381079E+05
              1.9200000E+06  2.8548177E+06  3.1495376E+05
              1.6500000E+06  3.6071029E+06  4.2727749E+05
              1.3500000E+06  3.3346149E+06  2.6106544E+05
              1.0000000E+06  2.1203547E+06  3.2588028E+05
              8.2100000E+05  1.6836342E+06  2.1941313E+05
              7.4300000E+05  3.0512957E+06  4.0387719E+05
              6.0800000E+05  3.2808715E+06  3.0978679E+05
              4.9800000E+05  2.5403659E+06  4.0013647E+05
              3.6900000E+05  2.5024908E+06  2.9459051E+05
              2.9700000E+05  4.9284957E+06  4.8791588E+05
              1.8300000E+05  7.4517386E+06  9.5404539E+05
              1.1100000E+05  1.3508192E+06  7.5979203E+05
              1.0000000E+05  2.3360847E+06  9.3040170E+05
              6.7400000E+04  4.0816683E+06  1.8288764E+06
              4.0900000E+04  1.2873387E+06  5.0218137E+05
              3.1800000E+04  1.6090781E+06  4.7692065E+05
              2.6100000E+04  4.9311671E+05  3.1859677E+05
              2.4200000E+04  1.2020730E+06  1.1116580E+06
              2.1900000E+04  3.4425311E+06  1.4417803E+06
              1.5000000E+04  6.0526256E+06  1.8466014E+06
              7.1000000E+03  5.2147036E+06  2.2968055E+06
              3.3600000E+03  7.7361737E+06  2.2027644E+06
              1.5900000E+03  1.4849674E+07  5.0050192E+06
              4.5400000E+02  7.5333070E+06  1.9030569E+06
              2.1400000E+02  1.1096380E+07  4.4001275E+06
              1.0100000E+02  1.6970157E+07  4.2447321E+06
              3.7300000E+01  1.8752608E+07  5.3485621E+06
              1.0700000E+01  1.4261768E+07  3.1913909E+06
              5.0400000E+00  1.9037111E+07  4.0623604E+06
              1.8600000E+00  1.5775133E+07  3.2415745E+06
              8.7600000E-01  2.4867228E+07  4.6002756E+06
              4.1400000E-01  2.7045583E+08  1.8690239E+07
              1.0000000E-01  1.9667321E+09  1.0256240E+08
              1.0000000E-05
         Family Responses
             All of the responses for this mesh tally
                             5.0419028E+07  3.2882756E+06

         14      1      1      2.7595000E+02  1.3089969E-01 -9.1440000E+00
         Family Neutron Flux
             Neutron Flux track-length estimate
              1.7300000E+07  0.0000000E+00  0.0000000E+00
              1.4200000E+07  0.0000000E+00  0.0000000E+00
              1.2200000E+07  3.0892751E+04  3.0110529E+04
              1.0000000E+07  0.0000000E+00  0.0000000E+00
              8.6100000E+06  1.4948973E+04  1.3743679E+04
              7.4100000E+06  4.6420902E+05  1.4414687E+05
              6.0700000E+06  4.5150554E+05  1.3478661E+05
              4.9700000E+06  6.9401307E+05  1.4679771E+05
              3.6800000E+06  5.4234998E+05  9.8209018E+04
              3.0100000E+06  5.5117930E+05  1.0351947E+05
              2.7300000E+06  8.2424748E+05  1.4971351E+05
              2.4700000E+06  8.1414590E+05  1.7175840E+05
              2.3700000E+06  5.0994535E+05  1.9077220E+05
              2.3500000E+06  1.7218852E+06  3.1231127E+05
              2.2300000E+06  2.0650594E+06  2.5742769E+05
              1.9200000E+06  1.9255754E+06  2.3652193E+05
              1.6500000E+06  2.0945311E+06  2.4846242E+05
              1.3500000E+06  2.2825772E+06  3.0037744E+05
              1.0000000E+06  1.3749792E+06  1.6778274E+05
              8.2100000E+05  1.2722173E+06  2.0824425E+05
              7.4300000E+05  2.2496720E+06  2.8766804E+05
              6.0800000E+05  2.1888090E+06  3.4205356E+05
              4.9800000E+05  1.6354089E+06  1.8785156E+05
              3.6900000E+05  1.6252330E+06  2.9642599E+05
              2.9700000E+05  3.7930516E+06  2.8921344E+05
              1.8300000E+05  3.9080508E+06  4.5786144E+05
              1.1100000E+05  3.7826196E+04  3.6868416E+04
              1.0000000E+05  2.3404741E+06  1.0167697E+06
              6.7400000E+04  2.5485682E+06  9.8042585E+05
              4.0900000E+04  1.3840978E+06  4.8245171E+05
              3.1800000E+04  5.7661522E+05  3.5062963E+05
              2.6100000E+04  1.5968291E+05  1.5563965E+05
              2.4200000E+04  3.8200053E+05  2.8738623E+05
              2.1900000E+04  1.1404859E+06  5.7508261E+05
              1.5000000E+04  6.4853911E+06  2.9505712E+06
              7.1000000E+03  4.0051779E+06  1.5044844E+06
              3.3600000E+03  4.7692553E+06  2.1353745E+06
              1.5900000E+03  8.6102211E+06  2.4755453E+06
              4.5400000E+02  5.1617341E+06  2.0796767E+06
              2.1400000E+02  6.7400327E+06  1.8486059E+06
              1.0100000E+02  1.3944648E+07  3.5721384E+06
              3.7300000E+01  1.1554177E+07  3.8876316E+06
              1.0700000E+01  1.0410700E+07  4.5578008E+06
              5.0400000E+00  1.9032900E+07  3.5684289E+06
              1.8600000E+00  1.7474779E+07  3.7775926E+06
              8.7600000E-01  1.4305496E+07  2.8685901E+06
              4.1400000E-01  2.1118258E+08  1.4562953E+07
              1.0000000E-01  1.5514767E+09  8.3480978E+07
              1.0000000E-05
         Family Responses
             All of the responses for this mesh tally
                             3.3072314E+07  2.1078046E+06

         15      1      1      2.7965000E+02  1.3089969E-01 -9.1440000E+00
         Family Neutron Flux
             Neutron Flux track-length estimate
              1.7300000E+07  0.0000000E+00  0.0000000E+00
              1.4200000E+07  0.0000000E+00  0.0000000E+00
              1.2200000E+07  1.7732343E+04  1.7283350E+04
              1.0000000E+07  0.0000000E+00  0.0000000E+00
              8.6100000E+06  1.5634956E+04  1.1023265E+04
              7.4100000E+06  3.6521767E+05  1.2139890E+05
              6.0700000E+06  4.6553670E+05  1.2594693E+05
              4.9700000E+06  5.3416954E+05  1.1356594E+05
              3.6800000E+06  4.7103744E+05  9.8285502E+04
              3.0100000E+06  4.6768088E+05  1.3551363E+05
              2.7300000E+06  7.0746435E+05  1.3016898E+05
              2.4700000E+06  5.7329668E+05  1.5090530E+05
              2.3700000E+06  4.2792824E+05  1.4909616E+05
              2.3500000E+06  1.8089755E+06  2.7208484E+05
              2.2300000E+06  1.4390289E+06  1.7121795E+05
              1.9200000E+06  1.6758739E+06  2.1453943E+05
              1.6500000E+06  2.0046339E+06  2.4535051E+05
              1.3500000E+06  2.1469779E+06  2.9327512E+05
              1.0000000E+06  1.1725696E+06  1.5491629E+05
              8.2100000E+05  1.0764855E+06  1.4742392E+05
              7.4300000E+05  1.6774900E+06  2.8759234E+05
              6.0800000E+05  1.5587941E+06  2.0008373E+05
              4.9800000E+05  1.3012924E+06  1.9006770E+05
              3.6900000E+05  1.0894176E+06  1.9158284E+05
              2.9700000E+05  2.5180696E+06  3.4430039E+05
              1.8300000E+05  2.6985579E+06  4.5205427E+05
              1.1100000E+05  5.3877742E+05  3.2899372E+05
              1.0000000E+05  1.5981917E+06  5.5446571E+05
              6.7400000E+04  1.9301176E+06  7.0609343E+05
              4.0900000E+04  1.3409255E+06  1.0209531E+06
              3.1800000E+04  1.8147375E+05  1.0091284E+05
              2.6100000E+04  1.6785385E+05  1.3192913E+05
              2.4200000E+04  4.3727154E+04  3.3138170E+04
              2.1900000E+04  7.8092481E+05  6.0883514E+05
              1.5000000E+04  3.0367506E+06  1.2002906E+06
              7.1000000E+03  1.9966698E+06  1.4986011E+06
              3.3600000E+03  1.4414324E+06  1.0073976E+06
              1.5900000E+03  8.7615328E+06  3.4016267E+06
              4.5400000E+02  7.8113520E+06  2.7210576E+06
              2.1400000E+02  5.7771005E+06  2.1210970E+06
              1.0100000E+02  9.0051217E+06  2.4213994E+06
              3.7300000E+01  5.4863356E+06  2.1585042E+06
              1.0700000E+01  1.5357491E+06  8.5921874E+05
              5.0400000E+00  8.5448337E+06  2.1145325E+06
              1.8600000E+00  1.0810103E+07  3.5344240E+06
              8.7600000E-01  7.4434825E+06  1.8105123E+06
              4.1400000E-01  1.4358780E+08  1.0692367E+07
              1.0000000E-01  1.1207805E+09  4.9980308E+07
              1.0000000E-05
         Family Responses
             All of the responses for this mesh tally
                             2.6752643E+07  1.8609292E+06

         16      1      1      2.8335000E+02  1.3089969E-01 -9.1440000E+00
         Family Neutron Flux
             Neutron Flux track-length estimate
              1.7300000E+07  0.0000000E+00  0.0000000E+00
              1.4200000E+07  0.0000000E+00  0.0000000E+00
              1.2200000E+07  0.0000000E+00  0.0000000E+00
              1.0000000E+07  0.0000000E+00  0.0000000E+00
              8.6100000E+06  1.2524278E+04  1.2207156E+04
              7.4100000E+06  3.4299284E+05  1.2071116E+05
              6.0700000E+06  3.1782642E+05  9.0906319E+04
              4.9700000E+06  3.7109790E+05  9.5507260E+04
              3.6800000E+06  3.4404178E+05  7.3321673E+04
              3.0100000E+06  3.3195141E+05  7.7867373E+04
              2.7300000E+06  5.6289073E+05  1.2164285E+05
              2.4700000E+06  3.6133787E+05  1.2573268E+05
              2.3700000E+06  2.9361445E+05  1.0938595E+05
              2.3500000E+06  1.1588411E+06  2.3874977E+05
              2.2300000E+06  1.2806160E+06  1.7185012E+05
              1.9200000E+06  9.1281062E+05  1.2371012E+05
              1.6500000E+06  1.2416494E+06  1.8599095E+05
              1.3500000E+06  1.5433557E+06  1.9907078E+05
              1.0000000E+06  6.9765246E+05  6.0820898E+04
              8.2100000E+05  7.6134264E+05  8.6535038E+04
              7.4300000E+05  1.0967982E+06  1.4673273E+05
              6.0800000E+05  1.0977028E+06  1.6535345E+05
              4.9800000E+05  7.5824898E+05  1.0968713E+05
              3.6900000E+05  7.3985234E+05  8.1370907E+04
              2.9700000E+05  1.7007201E+06  2.5786164E+05
              1.8300000E+05  1.6855897E+06  2.5419579E+05
              1.1100000E+05  2.2318016E+05  1.7447890E+05
              1.0000000E+05  1.7036097E+06  8.6432571E+05
              6.7400000E+04  1.3593075E+06  5.0317615E+05
              4.0900000E+04  6.1615159E+05  3.4386239E+05
              3.1800000E+04  9.6157662E+04  6.3398053E+04
              2.6100000E+04  4.4107511E+04  4.2990684E+04
              2.4200000E+04  1.3394016E+05  1.3054872E+05
              2.1900000E+04  6.7668254E+05  3.0682314E+05
              1.5000000E+04  3.2392150E+06  1.1271669E+06
              7.1000000E+03  4.2847397E+05  3.0243924E+05
              3.3600000E+03  1.9389027E+06  9.9134722E+05
              1.5900000E+03  4.6729061E+06  2.1841869E+06
              4.5400000E+02  3.0122726E+06  1.4192879E+06
              2.1400000E+02  4.1991401E+06  1.5247511E+06
              1.0100000E+02  4.6690822E+06  2.2052836E+06
              3.7300000E+01  4.3753122E+06  1.8538006E+06
              1.0700000E+01  3.1346219E+06  1.1664386E+06
              5.0400000E+00  7.3106790E+06  2.1059659E+06
              1.8600000E+00  1.5854522E+06  7.7240493E+05
              8.7600000E-01  5.4514656E+06  1.9893839E+06
              4.1400000E-01  1.1018009E+08  9.1905975E+06
              1.0000000E-01  8.3942427E+08  5.8834100E+07
              1.0000000E-05
         Family Responses
             All of the responses for this mesh tally
                             1.7836638E+07  1.1455115E+06

         17      1      1      2.8705000E+02  1.3089969E-01 -9.1440000E+00
         Family Neutron Flux
             Neutron Flux track-length estimate
              1.7300000E+07  0.0000000E+00  0.0000000E+00
              1.4200000E+07  0.0000000E+00  0.0000000E+00
              1.2200000E+07  0.0000000E+00  0.0000000E+00
              1.0000000E+07  0.0000000E+00  0.0000000E+00
              8.6100000E+06  1.4400573E+04  1.3676841E+04
              7.4100000E+06  2.0713634E+05  7.2337594E+04
              6.0700000E+06  2.4149045E+05  7.3293905E+04
              4.9700000E+06  2.8053960E+05  8.3004248E+04
              3.6800000E+06  1.9760293E+05  4.2758498E+04
              3.0100000E+06  1.8318542E+05  4.3666497E+04
              2.7300000E+06  4.6520481E+05  9.1284621E+04
              2.4700000E+06  3.1739900E+05  8.5629099E+04
              2.3700000E+06  2.9630585E+05  1.0620005E+05
              2.3500000E+06  9.6520390E+05  2.2274594E+05
              2.2300000E+06  1.0503721E+06  1.3984990E+05
              1.9200000E+06  7.6927956E+05  7.7489955E+04
              1.6500000E+06  1.0093362E+06  1.5027470E+05
              1.3500000E+06  1.0820141E+06  1.7107735E+05
              1.0000000E+06  4.6929544E+05  7.1082829E+04
              8.2100000E+05  3.8882063E+05  8.7970813E+04
              7.4300000E+05  9.8809876E+05  1.2047995E+05
              6.0800000E+05  8.3533963E+05  1.1819059E+05
              4.9800000E+05  5.9740539E+05  9.9063735E+04
              3.6900000E+05  5.8789347E+05  8.2560489E+04
              2.9700000E+05  1.1451693E+06  1.5185398E+05
              1.8300000E+05  1.2499994E+06  1.8616163E+05
              1.1100000E+05  2.6023572E+05  2.4496989E+05
              1.0000000E+05  4.0673743E+05  2.1463991E+05
              6.7400000E+04  8.2861490E+05  3.8466295E+05
              4.0900000E+04  5.4864437E+05  2.5327679E+05
              3.1800000E+04  3.8839659E+05  3.0854203E+05
              2.6100000E+04  1.1460744E+05  8.4660965E+04
              2.4200000E+04  0.0000000E+00  0.0000000E+00
              2.1900000E+04  2.4309360E+05  1.4913251E+05
              1.5000000E+04  1.2234427E+06  7.6045953E+05
              7.1000000E+03  1.2033551E+06  1.0397288E+06
              3.3600000E+03  1.2735468E+06  7.5376307E+05
              1.5900000E+03  2.6057876E+06  1.6038014E+06
              4.5400000E+02  2.4244342E+05  1.3952110E+05
              2.1400000E+02  1.2435068E+06  7.3456380E+05
              1.0100000E+02  1.6246014E+06  6.5785356E+05
              3.7300000E+01  1.4761337E+06  9.4283683E+05
              1.0700000E+01  3.2165115E+05  2.1714738E+05
              5.0400000E+00  4.6716168E+06  1.8505782E+06
              1.8600000E+00  1.2197232E+06  6.7201140E+05
              8.7600000E-01  2.2903836E+06  1.0062334E+06
              4.1400000E-01  7.0131466E+07  4.9905565E+06
              1.0000000E-01  5.6335870E+08  4.1837029E+07
              1.0000000E-05
         Family Responses
             All of the responses for this mesh tally
                             1.3601729E+07  1.1619837E+06

         18      1      1      2.9075000E+02  1.3089969E-01 -9.1440000E+00
         Family Neutron Flux
             Neutron Flux track-length estimate
              1.7300000E+07  0.0000000E+00  0.0000000E+00
              1.4200000E+07  0.0000000E+00  0.0000000E+00
              1.2200000E+07  0.0000000E+00  0.0000000E+00
              1.0000000E+07  0.0000000E+00  0.0000000E+00
              8.6100000E+06  1.5024438E+04  1.0191476E+04
              7.4100000E+06  1.2601592E+05  4.3305549E+04
              6.0700000E+06  1.6331478E+05  4.7155738E+04
              4.9700000E+06  2.3840220E+05  5.3804803E+04
              3.6800000E+06  1.4712852E+05  3.4512395E+04
              3.0100000E+06  1.5763455E+05  3.0537969E+04
              2.7300000E+06  2.9220922E+05  6.2370075E+04
              2.4700000E+06  2.4688931E+05  5.4179565E+04
              2.3700000E+06  2.3732258E+05  9.2608951E+04
              2.3500000E+06  7.5399375E+05  1.7248899E+05
              2.2300000E+06  6.9484687E+05  1.2612379E+05
              1.9200000E+06  5.6061569E+05  6.8415308E+04
              1.6500000E+06  8.3826883E+05  1.3320012E+05
              1.3500000E+06  9.6673556E+05  1.6394716E+05
              1.0000000E+06  3.9402321E+05  6.0424004E+04
              8.2100000E+05  2.9371903E+05  5.7061445E+04
              7.4300000E+05  7.1783627E+05  1.4131943E+05
              6.0800000E+05  6.4222870E+05  9.7110704E+04
              4.9800000E+05  4.1897127E+05  6.6921036E+04
              3.6900000E+05  4.6539918E+05  8.9920074E+04
              2.9700000E+05  7.6710934E+05  1.2520165E+05
              1.8300000E+05  7.5761920E+05  1.2648395E+05
              1.1100000E+05  2.7798595E+05  1.8071375E+05
              1.0000000E+05  4.4606304E+05  3.1855675E+05
              6.7400000E+04  7.6135191E+05  3.2867048E+05
              4.0900000E+04  2.5032364E+05  1.1969973E+05
              3.1800000E+04  6.7999679E+04  6.6277888E+04
              2.6100000E+04  2.6634997E+05  1.7826780E+05
              2.4200000E+04  1.8764005E+04  1.8288890E+04
              2.1900000E+04  7.9249606E+04  5.2601893E+04
              1.5000000E+04  4.5218882E+05  4.4073914E+05
              7.1000000E+03  4.6017636E+05  4.4852443E+05
              3.3600000E+03  3.5398643E+05  3.4502329E+05
              1.5900000E+03  1.5164858E+06  1.0355946E+06
              4.5400000E+02  4.5890765E+05  3.2260031E+05
              2.1400000E+02  1.2343417E+05  1.2030875E+05
              1.0100000E+02  9.3160284E+05  6.1463675E+05
              3.7300000E+01  4.8043460E+05  3.3139187E+05
              1.0700000E+01  9.0263079E+05  6.0471277E+05
              5.0400000E+00  2.8465492E+06  1.1569249E+06
              1.8600000E+00  2.1455585E+06  1.0171936E+06
              8.7600000E-01  1.2509218E+06  7.3644963E+05
              4.1400000E-01  4.4686003E+07  4.0363422E+06
              1.0000000E-01  4.0810389E+08  3.2857757E+07
              1.0000000E-05
         Family Responses
             All of the responses for this mesh tally
                             1.0173294E+07  7.4530831E+05

         19      1      1      2.9445000E+02  1.3089969E-01 -9.1440000E+00
         Family Neutron Flux
             Neutron Flux track-length estimate
              1.7300000E+07  0.0000000E+00  0.0000000E+00
              1.4200000E+07  0.0000000E+00  0.0000000E+00
              1.2200000E+07  0.0000000E+00  0.0000000E+00
              1.0000000E+07  0.0000000E+00  0.0000000E+00
              8.6100000E+06  6.2784382E+03  6.1194646E+03
              7.4100000E+06  9.3591977E+04  3.6230119E+04
              6.0700000E+06  1.1775824E+05  3.7067964E+04
              4.9700000E+06  1.3922620E+05  3.5859843E+04
              3.6800000E+06  1.1771033E+05  2.3125699E+04
              3.0100000E+06  9.8081341E+04  2.4952446E+04
              2.7300000E+06  1.3894579E+05  4.4935336E+04
              2.4700000E+06  1.7304016E+05  4.8742624E+04
              2.3700000E+06  1.4408181E+05  4.5059657E+04
              2.3500000E+06  5.4056686E+05  1.1827998E+05
              2.2300000E+06  5.1003317E+05  1.1714355E+05
              1.9200000E+06  4.2703448E+05  5.6747681E+04
              1.6500000E+06  5.2073869E+05  6.2746273E+04
              1.3500000E+06  6.3006194E+05  9.7575067E+04
              1.0000000E+06  3.5212144E+05  6.3681871E+04
              8.2100000E+05  2.4910695E+05  3.9623675E+04
              7.4300000E+05  4.7983919E+05  6.5049752E+04
              6.0800000E+05  4.4841411E+05  7.4784719E+04
              4.9800000E+05  3.8158471E+05  6.4996351E+04
              3.6900000E+05  2.5556120E+05  5.0080361E+04
              2.9700000E+05  7.0952708E+05  1.1989541E+05
              1.8300000E+05  5.6340211E+05  8.4904594E+04
              1.1100000E+05  1.2784389E+05  9.0107138E+04
              1.0000000E+05  3.9190934E+05  1.6886872E+05
              6.7400000E+04  6.1213851E+05  2.6404338E+05
              4.0900000E+04  2.5910027E+05  2.5253971E+05
              3.1800000E+04  0.0000000E+00  0.0000000E+00
              2.6100000E+04  8.6777609E+04  8.4580351E+04
              2.4200000E+04  1.5038046E+05  9.7127048E+04
              2.1900000E+04  1.4412096E+05  7.7360802E+04
              1.5000000E+04  2.8982020E+05  2.8248179E+05
              7.1000000E+03  0.0000000E+00  0.0000000E+00
              3.3600000E+03  4.3072277E+04  4.1981663E+04
              1.5900000E+03  6.4510429E+04  6.2876988E+04
              4.5400000E+02  4.0466497E+04  3.9441862E+04
              2.1400000E+02  5.7039370E+04  5.0058230E+04
              1.0100000E+02  1.3073377E+06  6.3451343E+05
              3.7300000E+01  7.7566968E+05  5.0205988E+05
              1.0700000E+01  1.0478837E+06  8.0237193E+05
              5.0400000E+00  3.0699984E+05  2.1439780E+05
              1.8600000E+00  7.5386347E+05  5.7386871E+05
              8.7600000E-01  0.0000000E+00  0.0000000E+00
              4.1400000E-01  2.8755232E+07  4.0716316E+06
              1.0000000E-01  2.9183863E+08  2.5414166E+07
              1.0000000E-05
         Family Responses
             All of the responses for this mesh tally
                             7.2245501E+06  5.2449222E+05

         20      1      1      2.9815000E+02  1.3089969E-01 -9.1440000E+00
         Family Neutron Flux
             Neutron Flux track-length estimate
              1.7300000E+07  0.0000000E+00  0.0000000E+00
              1.4200000E+07  0.0000000E+00  0.0000000E+00
              1.2200000E+07  0.0000000E+00  0.0000000E+00
              1.0000000E+07  0.0000000E+00  0.0000000E+00
              8.6100000E+06  6.1239213E+03  5.9688602E+03
              7.4100000E+06  7.2558153E+04  3.1585591E+04
              6.0700000E+06  7.5624256E+04  1.8824719E+04
              4.9700000E+06  7.0907507E+04  2.1392705E+04
              3.6800000E+06  6.6843729E+04  1.6512184E+04
              3.0100000E+06  5.1783871E+04  1.6357236E+04
              2.7300000E+06  1.2896964E+05  3.0460216E+04
              2.4700000E+06  1.3958327E+05  3.8904759E+04
              2.3700000E+06  1.0141459E+05  3.1150846E+04
              2.3500000E+06  4.0343462E+05  9.8440399E+04
              2.2300000E+06  2.1925990E+05  3.2412035E+04
              1.9200000E+06  3.4493874E+05  6.6793005E+04
              1.6500000E+06  4.0120940E+05  6.2329346E+04
              1.3500000E+06  4.9608105E+05  6.4096189E+04
              1.0000000E+06  2.0045041E+05  3.3311463E+04
              8.2100000E+05  1.8125480E+05  5.4159074E+04
              7.4300000E+05  3.8734366E+05  6.6655123E+04
              6.0800000E+05  4.1659717E+05  7.6503394E+04
              4.9800000E+05  2.6579135E+05  5.8125374E+04
              3.6900000E+05  1.9327531E+05  3.6742733E+04
              2.9700000E+05  4.7515894E+05  6.7327344E+04
              1.8300000E+05  4.4724498E+05  7.6527072E+04
              1.1100000E+05  1.7953296E+04  1.7498708E+04
              1.0000000E+05  3.2095361E+05  1.5295956E+05
              6.7400000E+04  4.7770810E+05  3.2376645E+05
              4.0900000E+04  1.8395954E+05  1.2538252E+05
              3.1800000E+04  1.4567967E+04  1.4199098E+04
              2.6100000E+04  6.9257799E+04  5.0823855E+04
              2.4200000E+04  2.6648745E+04  1.8410752E+04
              2.1900000E+04  3.2489311E+05  1.7066023E+05
              1.5000000E+04  1.3714367E+06  1.3367112E+06
              7.1000000E+03  0.0000000E+00  0.0000000E+00
              3.3600000E+03  5.4753602E+05  5.3367210E+05
              1.5900000E+03  6.4588149E+05  5.5126493E+05
              4.5400000E+02  0.0000000E+00  0.0000000E+00
              2.1400000E+02  1.3688794E+05  1.3342186E+05
              1.0100000E+02  1.0987965E+06  7.3762589E+05
              3.7300000E+01  4.4321087E+05  3.1616108E+05
              1.0700000E+01  6.3019118E+05  5.6247834E+05
              5.0400000E+00  5.4517088E+05  5.3136685E+05
              1.8600000E+00  5.7553075E+05  4.5172858E+05
              8.7600000E-01  8.9083782E+05  6.8982399E+05
              4.1400000E-01  2.4823528E+07  4.1973889E+06
              1.0000000E-01  1.9832710E+08  1.9172807E+07
              1.0000000E-05
         Family Responses
             All of the responses for this mesh tally
                             5.1638025E+06  4.3034266E+05


